import{L as F,r as p,w as k,p as u,a as f,o as C,c as g,b as l,d as n,u as d,E as M}from"./index.09404d41.js";var b="[[0, 1, 0.106128057], [0, 2, 0.053661735999999995], [0, 3, 0.23401755600000002], [0, 4, 0.117479504], [0, 5, 0.12603328800000002], [0, 6, 0.12984085], [0, 7, 0.13760003099999998], [0, 8, 0.10377260599999999], [0, 9, 0.266402157], [0, 10, 0.029982899], [0, 11, 0.229233], [0, 12, 0.050862419000000006], [0, 13, 0.19113264800000002], [0, 14, 0.183448749], [0, 15, 0.191989663], [0, 16, 0.14043608400000002], [0, 17, 0.16835064100000002], [0, 18, 0.188628462], [0, 19, 0.17173322], [0, 20, 0.12122716], [0, 21, 0.050980267], [0, 22, 0.001559228], [0, 23, 0.048732912], [0, 24, 0.12216981800000001], [0, 25, 0.103303351], [0, 26, 0.14857109], [0, 27, 0.159977133], [0, 28, 0.17911380300000002], [0, 29, 0.157973529], [0, 30, 0.050115987], [0, 31, -0.009327874], [0, 32, 0.119773238], [0, 33, 0.19911779699999999], [0, 34, 0.193601892], [0, 35, 0.036495699], [0, 36, 0.10562508300000001], [0, 37, 0.098703505], [0, 38, 0.230068575], [0, 39, 0.11565764199999999], [0, 40, 0.063055044], [0, 41, 0.151113221], [0, 42, 0.17038352199999998], [0, 43, 0.029306915], [0, 44, 0.21317931399999998], [0, 45, 0.068860375], [0, 46, 0.058380395999999994], [0, 47, 0.06767239900000001], [0, 48, 0.113580366], [0, 49, 0.135411875], [0, 50, 0.101353884], [0, 51, 0.028258651], [0, 52, 0.02943034], [0, 53, 0.052984038], [0, 54, 0.085982524], [0, 55, 0.013586531], [0, 56, 0.048460977], [0, 57, 0.216247808], [0, 58, 0.08194906], [0, 59, 0.01052066], [0, 60, 0.090377741], [0, 61, 0.162669609], [0, 62, 0.085228073], [0, 63, 0.11367285099999999], [0, 64, 0.077440588], [0, 65, 0.179585898], [0, 66, 0.172196858], [0, 67, 0.03013668], [0, 68, 0.12534734], [0, 69, 0.178822583], [0, 70, 0.174316389], [0, 71, 0.193149524], [0, 72, 0.18660932], [0, 73, 0.11918099900000001], [0, 74, 0.134846402], [0, 75, 0.046564773], [0, 76, 0.09470387], [0, 77, 0.032377232], [0, 78, 0.196836347], [0, 79, 0.10139413300000001], [0, 80, 0.11443088900000001], [0, 81, 0.12269385599999999], [0, 82, 0.154966201], [0, 83, 0.138702181], [0, 84, 0.06150815900000001], [0, 85, 0.078685795], [0, 86, 0.062227329000000005], [0, 87, 0.08759162300000001], [0, 88, 0.038031441], [0, 89, 0.074022182], [0, 90, 0.13460106800000002], [0, 91, 0.175680668], [0, 92, 0.002528537], [0, 93, 0.132952611], [0, 94, 0.21990450600000003], [0, 95, 0.082341757], [1, 0, 0.106128057], [1, 2, 0.044914119], [1, 3, 0.1358856], [1, 4, 0.298420733], [1, 5, 0.343974299], [1, 6, 0.271725273], [1, 7, 0.294039225], [1, 8, 0.231377031], [1, 9, 0.19556529999999997], [1, 10, 0.030655339], [1, 11, 0.11801605], [1, 12, 0.162703011], [1, 13, 0.377552595], [1, 14, 0.27455518100000004], [1, 15, 0.39653425299999995], [1, 16, 0.332989849], [1, 17, 0.28069825800000003], [1, 18, 0.068862554], [1, 19, 0.38821711700000006], [1, 20, 0.372449642], [1, 21, 0.043130845], [1, 22, 0.014067671], [1, 23, 0.09713184300000001], [1, 24, 0.32166718], [1, 25, 0.220198318], [1, 26, 0.09739863300000001], [1, 27, 0.190486243], [1, 28, 0.136669441], [1, 29, 0.275971043], [1, 30, 0.038119269], [1, 31, -0.026133307], [1, 32, 0.038861083], [1, 33, 0.217685304], [1, 34, 0.302443683], [1, 35, 0.049942488], [1, 36, 0.137826731], [1, 37, 0.079205525], [1, 38, 0.168971331], [1, 39, 0.19083546], [1, 40, 0.08719071699999999], [1, 41, 0.19930663899999998], [1, 42, 0.304730342], [1, 43, -0.013534795], [1, 44, 0.175876303], [1, 45, 0.034835324], [1, 46, 0.053099438], [1, 47, 0.12135396400000001], [1, 48, 0.235289878], [1, 49, 0.11893909400000001], [1, 50, 0.192401798], [1, 51, 0.030550908999999998], [1, 52, 0.050535118], [1, 53, 0.064646359], [1, 54, 0.173366931], [1, 55, 0.01513556], [1, 56, 0.041642025], [1, 57, 0.382152321], [1, 58, 0.085679144], [1, 59, -0.006954946], [1, 60, 0.08714521800000001], [1, 61, 0.297807357], [1, 62, 0.07261450700000001], [1, 63, 0.1283925], [1, 64, 0.19979255399999998], [1, 65, 0.204835045], [1, 66, 0.27799656899999997], [1, 67, 0.030865162999999998], [1, 68, 0.111456493], [1, 69, 0.28034853], [1, 70, 0.060928045], [1, 71, 0.17221503100000002], [1, 72, 0.233804481], [1, 73, 0.297327135], [1, 74, 0.13399133400000002], [1, 75, 0.018065636], [1, 76, 0.16414099099999999], [1, 77, 0.040574521], [1, 78, 0.147549228], [1, 79, 0.21655287199999998], [1, 80, 0.17466644399999998], [1, 81, 0.250136988], [1, 82, 0.098543277], [1, 83, 0.26647555300000003], [1, 84, 0.12496024900000001], [1, 85, 0.19848626], [1, 86, 0.114730803], [1, 87, 0.074997514], [1, 88, 0.03891532], [1, 89, 0.134533921], [1, 90, 0.09853348599999999], [1, 91, 0.162988554], [1, 92, 0.012548513], [1, 93, 0.134394226], [1, 94, 0.34479473], [1, 95, 0.174199434], [2, 0, 0.053661735999999995], [2, 1, 0.044914119], [2, 3, 0.126845933], [2, 4, 0.068548638], [2, 5, 0.048555090999999995], [2, 6, 0.059581857], [2, 7, 0.050215662], [2, 8, 0.02204045], [2, 9, 0.099110234], [2, 10, 0.072430278], [2, 11, 0.06691797], [2, 12, 0.044482411], [2, 13, 0.065035635], [2, 14, 0.076727241], [2, 15, 0.054232645999999995], [2, 16, 0.038527462], [2, 17, 0.055568565], [2, 18, 0.136356736], [2, 19, 0.05656168], [2, 20, 0.00368575], [2, 21, 0.037871741], [2, 22, -0.0072665740000000005], [2, 23, 0.027652361], [2, 24, 0.014889922], [2, 25, 0.04803114], [2, 26, 0.091379979], [2, 27, 0.07505675099999999], [2, 28, 0.076731319], [2, 29, 0.022818487000000002], [2, 30, 0.080609814], [2, 31, 0.098130839], [2, 32, 0.18622202], [2, 33, 0.07045650099999999], [2, 34, 0.050075966], [2, 35, 0.030156744], [2, 36, 0.058658104], [2, 37, 0.10637531300000001], [2, 38, 0.09376516800000001], [2, 39, 0.058954449000000006], [2, 40, 0.20282961100000002], [2, 41, 0.038683634], [2, 42, 0.061408675999999995], [2, 43, 0.098702839], [2, 44, 0.091076435], [2, 45, 0.28451622600000004], [2, 46, 0.067176199], [2, 47, 0.031656115], [2, 48, 0.039801082], [2, 49, 0.196521355], [2, 50, 0.128761173], [2, 51, 0.16450425400000002], [2, 52, 0.026089977], [2, 53, 0.07617283700000001], [2, 54, 0.054697552999999996], [2, 55, 0.033494455], [2, 56, 0.190061195], [2, 57, 0.064698147], [2, 58, 0.107965105], [2, 59, 0.099031005], [2, 60, 0.11019686699999999], [2, 61, 0.04980214], [2, 62, 0.155018726], [2, 63, 0.079206375], [2, 64, 0.050547532], [2, 65, 0.056194987], [2, 66, 0.04300221], [2, 67, 0.02999197], [2, 68, 0.023673077], [2, 69, 0.068446653], [2, 70, 0.066491112], [2, 71, 0.08570088699999999], [2, 72, 0.054978309], [2, 73, 0.03090539], [2, 74, 0.05232312], [2, 75, 0.040217161], [2, 76, 0.029074321], [2, 77, 0.021418716], [2, 78, 0.106110623], [2, 79, 0.043708749000000005], [2, 80, 0.21135979], [2, 81, 0.033595042], [2, 82, 0.1507596], [2, 83, 0.040953596], [2, 84, 0.052422064000000004], [2, 85, 0.0052619369999999995], [2, 86, 0.08145718099999999], [2, 87, 0.080306303], [2, 88, 0.056095645], [2, 89, 0.032209571], [2, 90, 0.080968865], [2, 91, 0.08197350099999999], [2, 92, 0.340879249], [2, 93, 0.07143410900000001], [2, 94, 0.10728342099999999], [2, 95, 0.019052073], [3, 0, 0.23401755600000002], [3, 1, 0.1358856], [3, 2, 0.126845933], [3, 4, 0.115969456], [3, 5, 0.148806647], [3, 6, 0.163568419], [3, 7, 0.15918892199999998], [3, 8, 0.14642053900000002], [3, 9, 0.346993381], [3, 10, 0.082602153], [3, 11, 0.28190236399999996], [3, 12, 0.079809189], [3, 13, 0.23885962], [3, 14, 0.256756231], [3, 15, 0.231447607], [3, 16, 0.170767792], [3, 17, 0.236970125], [3, 18, 0.292981447], [3, 19, 0.205624914], [3, 20, 0.129704498], [3, 21, 0.053577484], [3, 22, 0.026911307000000002], [3, 23, 0.060259045], [3, 24, 0.138751178], [3, 25, 0.121729221], [3, 26, 0.348188845], [3, 27, 0.228524648], [3, 28, 0.270762501], [3, 29, 0.175956718], [3, 30, 0.163591832], [3, 31, 0.015854378], [3, 32, 0.243515252], [3, 33, 0.299551127], [3, 34, 0.220768537], [3, 35, 0.06815436799999999], [3, 36, 0.133598791], [3, 37, 0.23620957199999998], [3, 38, 0.401913876], [3, 39, 0.175975048], [3, 40, 0.102126366], [3, 41, 0.209026572], [3, 42, 0.19236646100000002], [3, 43, 0.057485351], [3, 44, 0.341998022], [3, 45, 0.129491934], [3, 46, 0.118834624], [3, 47, 0.098837106], [3, 48, 0.117958124], [3, 49, 0.230846207], [3, 50, 0.145021837], [3, 51, 0.058036576], [3, 52, 0.026061529], [3, 53, 0.065532674], [3, 54, 0.078676865], [3, 55, 0.038172827], [3, 56, 0.064203684], [3, 57, 0.260397114], [3, 58, 0.124551866], [3, 59, 0.0034028120000000003], [3, 60, 0.134616801], [3, 61, 0.183111768], [3, 62, 0.13620863800000002], [3, 63, 0.16772463699999998], [3, 64, 0.10558352], [3, 65, 0.22126135], [3, 66, 0.21578122100000002], [3, 67, 0.014655237], [3, 68, 0.139185033], [3, 69, 0.225995422], [3, 70, 0.274518842], [3, 71, 0.41679343399999996], [3, 72, 0.219301863], [3, 73, 0.135995064], [3, 74, 0.19573125100000002], [3, 75, 0.07280449], [3, 76, 0.114542209], [3, 77, 0.051338275], [3, 78, 0.286058437], [3, 79, 0.131755184], [3, 80, 0.133284599], [3, 81, 0.12622091900000001], [3, 82, 0.247963674], [3, 83, 0.16850202399999997], [3, 84, 0.074004926], [3, 85, 0.102583305], [3, 86, 0.068999598], [3, 87, 0.219157762], [3, 88, 0.067858127], [3, 89, 0.115332263], [3, 90, 0.21890323899999997], [3, 91, 0.26009175100000004], [3, 92, 0.034598434], [3, 93, 0.18691970100000002], [3, 94, 0.285725555], [3, 95, 0.094085991], [4, 0, 0.117479504], [4, 1, 0.298420733], [4, 2, 0.068548638], [4, 3, 0.115969456], [4, 5, 0.26363316600000003], [4, 6, 0.206030993], [4, 7, 0.241114353], [4, 8, 0.18448589399999998], [4, 9, 0.19006172899999998], [4, 10, 0.031106116], [4, 11, 0.096173189], [4, 12, 0.191000312], [4, 13, 0.29439534100000003], [4, 14, 0.216507922], [4, 15, 0.30851863], [4, 16, 0.266505205], [4, 17, 0.243420776], [4, 18, 0.07168187200000001], [4, 19, 0.314129119], [4, 20, 0.297489568], [4, 21, 0.054676128], [4, 22, 0.007215261999999999], [4, 23, 0.110289055], [4, 24, 0.27332705399999996], [4, 25, 0.192864046], [4, 26, 0.102039015], [4, 27, 0.17097562100000002], [4, 28, 0.119574623], [4, 29, 0.251315693], [4, 30, 0.040761919], [4, 31, -0.000114122], [4, 32, 0.028705857], [4, 33, 0.212636694], [4, 34, 0.277417541], [4, 35, 0.040252937999999995], [4, 36, 0.12430980800000001], [4, 37, 0.063043421], [4, 38, 0.144060493], [4, 39, 0.174757672], [4, 40, 0.111757792], [4, 41, 0.171188946], [4, 42, 0.220729022], [4, 43, -0.004027055], [4, 44, 0.149643204], [4, 45, 0.044815586], [4, 46, 0.054587974000000004], [4, 47, 0.085741607], [4, 48, 0.20984176300000001], [4, 49, 0.121262741], [4, 50, 0.164163408], [4, 51, 0.022707524], [4, 52, 0.038999749], [4, 53, 0.059907232000000005], [4, 54, 0.16802175800000002], [4, 55, 0.016881305], [4, 56, 0.04751872099999999], [4, 57, 0.323757852], [4, 58, 0.055361759], [4, 59, -0.013582676], [4, 60, 0.07674860900000001], [4, 61, 0.264945553], [4, 62, 0.067959416], [4, 63, 0.12722017900000002], [4, 64, 0.196233839], [4, 65, 0.19992163], [4, 66, 0.2454718], [4, 67, 0.010544505], [4, 68, 0.102982345], [4, 69, 0.219002854], [4, 70, 0.045762027000000004], [4, 71, 0.165978693], [4, 72, 0.199776426], [4, 73, 0.259372206], [4, 74, 0.142887961], [4, 75, 0.029175529], [4, 76, 0.136141078], [4, 77, 0.051417834], [4, 78, 0.145966417], [4, 79, 0.168271403], [4, 80, 0.197220135], [4, 81, 0.227303853], [4, 82, 0.097522515], [4, 83, 0.200000911], [4, 84, 0.141697664], [4, 85, 0.141855857], [4, 86, 0.170265718], [4, 87, 0.071186032], [4, 88, 0.059813104000000006], [4, 89, 0.11402189800000001], [4, 90, 0.072765003], [4, 91, 0.144998472], [4, 92, 0.030949057000000002], [4, 93, 0.127909411], [4, 94, 0.298279216], [4, 95, 0.144104669], [5, 0, 0.12603328800000002], [5, 1, 0.343974299], [5, 2, 0.048555090999999995], [5, 3, 0.148806647], [5, 4, 0.26363316600000003], [5, 6, 0.245834138], [5, 7, 0.26949789399999996], [5, 8, 0.354840635], [5, 9, 0.19236199399999998], [5, 10, 0.039573357], [5, 11, 0.093715445], [5, 12, 0.21158437300000002], [5, 13, 0.38872130200000005], [5, 14, 0.36005026799999995], [5, 15, 0.384269139], [5, 16, 0.26746363300000003], [5, 17, 0.24394332100000002], [5, 18, 0.093295535], [5, 19, 0.39947928], [5, 20, 0.405852649], [5, 21, 0.028889967000000003], [5, 22, 0.019946791000000002], [5, 23, 0.132509254], [5, 24, 0.34919817700000005], [5, 25, 0.292182783], [5, 26, 0.103302339], [5, 27, 0.17008366100000002], [5, 28, 0.135731712], [5, 29, 0.2642762], [5, 30, 0.038017393999999996], [5, 31, -0.010911756000000002], [5, 32, 0.041077583], [5, 33, 0.233804522], [5, 34, 0.290088827], [5, 35, 0.045725537999999996], [5, 36, 0.099564893], [5, 37, 0.064313468], [5, 38, 0.160252815], [5, 39, 0.15765335], [5, 40, 0.112907494], [5, 41, 0.177842556], [5, 42, 0.275666228], [5, 43, -0.027681299], [5, 44, 0.163969332], [5, 45, 0.029220557], [5, 46, 0.046239477], [5, 47, 0.19238035399999998], [5, 48, 0.317366498], [5, 49, 0.09297424300000001], [5, 50, 0.177583567], [5, 51, 0.030857875], [5, 52, 0.030558916000000002], [5, 53, 0.068475514], [5, 54, 0.220000324], [5, 55, 0.020973118], [5, 56, 0.029879457], [5, 57, 0.35522079799999995], [5, 58, 0.05101220099999999], [5, 59, -0.019341035], [5, 60, 0.060183332], [5, 61, 0.297819157], [5, 62, 0.05923024], [5, 63, 0.111986291], [5, 64, 0.142029454], [5, 65, 0.249215467], [5, 66, 0.26490554899999996], [5, 67, 0.026798101], [5, 68, 0.11876892900000001], [5, 69, 0.335273644], [5, 70, 0.058794070999999996], [5, 71, 0.18616988399999998], [5, 72, 0.20351235], [5, 73, 0.281288661], [5, 74, 0.128281284], [5, 75, 0.02213055], [5, 76, 0.121216233], [5, 77, 0.04476234], [5, 78, 0.11411079699999999], [5, 79, 0.182429809], [5, 80, 0.213476545], [5, 81, 0.272052782], [5, 82, 0.078393991], [5, 83, 0.206545793], [5, 84, 0.157512472], [5, 85, 0.27265614], [5, 86, 0.08788278599999999], [5, 87, 0.076227059], [5, 88, 0.028046946], [5, 89, 0.22501874800000002], [5, 90, 0.10354007800000001], [5, 91, 0.137691032], [5, 92, 0.001174408], [5, 93, 0.16283589099999998], [5, 94, 0.335288375], [5, 95, 0.252185475], [6, 0, 0.12984085], [6, 1, 0.271725273], [6, 2, 0.059581857], [6, 3, 0.163568419], [6, 4, 0.206030993], [6, 5, 0.245834138], [6, 7, 0.36479605], [6, 8, 0.18367766600000002], [6, 9, 0.246883795], [6, 10, 0.038156574], [6, 11, 0.12894470800000002], [6, 12, 0.10994029699999999], [6, 13, 0.41833212200000003], [6, 14, 0.270114345], [6, 15, 0.45129916200000003], [6, 16, 0.325192167], [6, 17, 0.286067484], [6, 18, 0.126504045], [6, 19, 0.350657348], [6, 20, 0.277611832], [6, 21, 0.059370329000000006], [6, 22, 0.013851536000000001], [6, 23, 0.057163814], [6, 24, 0.245687956], [6, 25, 0.156775628], [6, 26, 0.126173569], [6, 27, 0.255839469], [6, 28, 0.18844370300000002], [6, 29, 0.26539453399999996], [6, 30, 0.043520289000000004], [6, 31, 0.020705232], [6, 32, 0.062613034], [6, 33, 0.219422025], [6, 34, 0.290828358], [6, 35, 0.046869573], [6, 36, 0.145398164], [6, 37, 0.076573266], [6, 38, 0.21517351], [6, 39, 0.18288421100000002], [6, 40, 0.069053605], [6, 41, 0.237719166], [6, 42, 0.41592298899999997], [6, 43, 0.024986667], [6, 44, 0.23062852399999997], [6, 45, 0.047647637], [6, 46, 0.05669855099999999], [6, 47, 0.113413906], [6, 48, 0.15584803], [6, 49, 0.11674111300000001], [6, 50, 0.148804178], [6, 51, 0.028301536000000002], [6, 52, 0.029372207999999997], [6, 53, 0.048263192999999996], [6, 54, 0.127404417], [6, 55, 0.007209356], [6, 56, 0.066996088], [6, 57, 0.387962938], [6, 58, 0.075769673], [6, 59, 0.021976976000000002], [6, 60, 0.096215861], [6, 61, 0.270896137], [6, 62, 0.05547089400000001], [6, 63, 0.131751313], [6, 64, 0.19523369], [6, 65, 0.188096386], [6, 66, 0.264334413], [6, 67, 0.018038893], [6, 68, 0.119975438], [6, 69, 0.287833722], [6, 70, 0.066996502], [6, 71, 0.198924637], [6, 72, 0.262753339], [6, 73, 0.241295363], [6, 74, 0.148568375], [6, 75, 0.029246964], [6, 76, 0.18203443100000002], [6, 77, 0.034556521], [6, 78, 0.18268132], [6, 79, 0.304673965], [6, 80, 0.150766738], [6, 81, 0.17157600899999997], [6, 82, 0.10771264300000001], [6, 83, 0.277333344], [6, 84, 0.081340222], [6, 85, 0.144623253], [6, 86, 0.09193821199999999], [6, 87, 0.079118653], [6, 88, 0.04222943], [6, 89, 0.11885678599999999], [6, 90, 0.12462201199999999], [6, 91, 0.221215732], [6, 92, 0.03745839], [6, 93, 0.131518797], [6, 94, 0.336702716], [6, 95, 0.139922024], [7, 0, 0.13760003099999998], [7, 1, 0.294039225], [7, 2, 0.050215662], [7, 3, 0.15918892199999998], [7, 4, 0.241114353], [7, 5, 0.26949789399999996], [7, 6, 0.36479605], [7, 8, 0.22866042600000003], [7, 9, 0.26333765600000003], [7, 10, 0.053364864000000005], [7, 11, 0.128868929], [7, 12, 0.11825835], [7, 13, 0.492918354], [7, 14, 0.28730091399999996], [7, 15, 0.45813809299999997], [7, 16, 0.43949936799999995], [7, 17, 0.329470389], [7, 18, 0.12278880699999999], [7, 19, 0.463309719], [7, 20, 0.342097373], [7, 21, 0.042620173], [7, 22, 0.015682733], [7, 23, 0.079619129], [7, 24, 0.29827859999999995], [7, 25, 0.172841988], [7, 26, 0.140770457], [7, 27, 0.29341874], [7, 28, 0.211012842], [7, 29, 0.307617274], [7, 30, 0.067533379], [7, 31, 0.0068788619999999995], [7, 32, 0.056417437], [7, 33, 0.24502274100000002], [7, 34, 0.34527966600000004], [7, 35, 0.060836958], [7, 36, 0.167201398], [7, 37, 0.111307546], [7, 38, 0.222537414], [7, 39, 0.21461404], [7, 40, 0.09533638900000001], [7, 41, 0.268621926], [7, 42, 0.464846465], [7, 43, 0.027672337999999998], [7, 44, 0.252898721], [7, 45, 0.052819544], [7, 46, 0.078076486], [7, 47, 0.13498613], [7, 48, 0.17605680699999998], [7, 49, 0.111235196], [7, 50, 0.148490147], [7, 51, 0.048805957000000004], [7, 52, 0.033956424], [7, 53, 0.079390583], [7, 54, 0.146564657], [7, 55, 0.024524149], [7, 56, 0.04450498], [7, 57, 0.47061419], [7, 58, 0.07570964599999999], [7, 59, 0.0030959959999999997], [7, 60, 0.09944987699999999], [7, 61, 0.310253237], [7, 62, 0.07291646], [7, 63, 0.15943501300000001], [7, 64, 0.191488603], [7, 65, 0.184216887], [7, 66, 0.311713778], [7, 67, 0.032541913], [7, 68, 0.11755838099999999], [7, 69, 0.40035447399999996], [7, 70, 0.062837485], [7, 71, 0.213682558], [7, 72, 0.286280531], [7, 73, 0.311141782], [7, 74, 0.180535483], [7, 75, 0.043049265999999996], [7, 76, 0.18841291300000002], [7, 77, 0.045261234000000004], [7, 78, 0.192197058], [7, 79, 0.282270061], [7, 80, 0.145642096], [7, 81, 0.214389953], [7, 82, 0.107252253], [7, 83, 0.34706281], [7, 84, 0.107362259], [7, 85, 0.17982337199999998], [7, 86, 0.11271612], [7, 87, 0.078975743], [7, 88, 0.045116868], [7, 89, 0.143540342], [7, 90, 0.109143756], [7, 91, 0.26138678600000004], [7, 92, 0.023344012], [7, 93, 0.137852922], [7, 94, 0.36206590899999996], [7, 95, 0.16658836], [8, 0, 0.10377260599999999], [8, 1, 0.231377031], [8, 2, 0.02204045], [8, 3, 0.14642053900000002], [8, 4, 0.18448589399999998], [8, 5, 0.354840635], [8, 6, 0.18367766600000002], [8, 7, 0.22866042600000003], [8, 9, 0.129652194], [8, 10, 0.025973892000000002], [8, 11, 0.090389761], [8, 12, 0.178587852], [8, 13, 0.298961996], [8, 14, 0.354024102], [8, 15, 0.287392357], [8, 16, 0.22146621600000002], [8, 17, 0.188554466], [8, 18, 0.086689691], [8, 19, 0.424664128], [8, 20, 0.405236927], [8, 21, 0.04978147], [8, 22, 0.03230287], [8, 23, 0.11127473800000001], [8, 24, 0.378338055], [8, 25, 0.297801285], [8, 26, 0.11942103], [8, 27, 0.09922932], [8, 28, 0.097955785], [8, 29, 0.195275599], [8, 30, 0.075045704], [8, 31, -0.009661425999999999], [8, 32, 0.05160851], [8, 33, 0.17745443100000002], [8, 34, 0.226567358], [8, 35, 0.050433855], [8, 36, 0.048598102000000004], [8, 37, 0.09814024699999999], [8, 38, 0.126972957], [8, 39, 0.12981385199999998], [8, 40, 0.092903865], [8, 41, 0.123848616], [8, 42, 0.210448473], [8, 43, -0.012150537], [8, 44, 0.098932718], [8, 45, 0.019997333], [8, 46, 0.041930676], [8, 47, 0.300166743], [8, 48, 0.39199586], [8, 49, 0.082982517], [8, 50, 0.152104429], [8, 51, 0.00372276], [8, 52, 0.006793155], [8, 53, 0.055840463], [8, 54, 0.228934718], [8, 55, 0.0189341], [8, 56, 0.01431627], [8, 57, 0.273834766], [8, 58, 0.035114737], [8, 59, -0.010189253], [8, 60, 0.038813872], [8, 61, 0.245187782], [8, 62, 0.041940295], [8, 63, 0.066411968], [8, 64, 0.08963827], [8, 65, 0.20208377600000002], [8, 66, 0.203431004], [8, 67, 0.024072849], [8, 68, 0.08899608699999999], [8, 69, 0.35517513799999995], [8, 70, 0.066142955], [8, 71, 0.174695867], [8, 72, 0.12022073300000001], [8, 73, 0.258801948], [8, 74, 0.105446551], [8, 75, 0.012259492], [8, 76, 0.100158094], [8, 77, 0.056348119], [8, 78, 0.08100122900000001], [8, 79, 0.10946627099999999], [8, 80, 0.19313970100000002], [8, 81, 0.301706077], [8, 82, 0.055191672000000004], [8, 83, 0.15227774800000002], [8, 84, 0.169727527], [8, 85, 0.460657465], [8, 86, 0.068062774], [8, 87, 0.06521510700000001], [8, 88, 0.022439534], [8, 89, 0.250007081], [8, 90, 0.112913385], [8, 91, 0.08040693900000001], [8, 92, -0.000406069], [8, 93, 0.146947527], [8, 94, 0.23176342600000002], [8, 95, 0.413006276], [9, 0, 0.266402157], [9, 1, 0.19556529999999997], [9, 2, 0.099110234], [9, 3, 0.346993381], [9, 4, 0.19006172899999998], [9, 5, 0.19236199399999998], [9, 6, 0.246883795], [9, 7, 0.26333765600000003], [9, 8, 0.129652194], [9, 10, 0.078850121], [9, 11, 0.31361112], [9, 12, 0.091722013], [9, 13, 0.308669517], [9, 14, 0.259763989], [9, 15, 0.30419103], [9, 16, 0.283390656], [9, 17, 0.365382086], [9, 18, 0.298128401], [9, 19, 0.273848157], [9, 20, 0.19540279800000002], [9, 21, 0.065354483], [9, 22, 0.024663622000000003], [9, 23, 0.083703209], [9, 24, 0.160396969], [9, 25, 0.148343389], [9, 26, 0.25301846899999997], [9, 27, 0.43561185799999996], [9, 28, 0.42366459], [9, 29, 0.283691996], [9, 30, 0.105935414], [9, 31, 0.004176656], [9, 32, 0.193866932], [9, 33, 0.32779501899999997], [9, 34, 0.274059977], [9, 35, 0.084753815], [9, 36, 0.226891042], [9, 37, 0.16407881], [9, 38, 0.52571379], [9, 39, 0.219766777], [9, 40, 0.113287209], [9, 41, 0.386451713], [9, 42, 0.29581547], [9, 43, 0.04266158], [9, 44, 0.482979339], [9, 45, 0.108944673], [9, 46, 0.109996151], [9, 47, 0.07179716], [9, 48, 0.131808944], [9, 49, 0.213671666], [9, 50, 0.164155946], [9, 51, 0.06455764], [9, 52, 0.02346157], [9, 53, 0.08907922300000001], [9, 54, 0.11423409699999999], [9, 55, 0.010694735], [9, 56, 0.059657093], [9, 57, 0.416458925], [9, 58, 0.134178165], [9, 59, -0.00160683], [9, 60, 0.131009339], [9, 61, 0.24253011], [9, 62, 0.134245214], [9, 63, 0.209035697], [9, 64, 0.15580644800000001], [9, 65, 0.22756743100000001], [9, 66, 0.299956892], [9, 67, 0.02324134], [9, 68, 0.235935408], [9, 69, 0.25478025600000004], [9, 70, 0.139278706], [9, 71, 0.352938908], [9, 72, 0.364945468], [9, 73, 0.192944531], [9, 74, 0.257503278], [9, 75, 0.035873392000000004], [9, 76, 0.16365200400000002], [9, 77, 0.049239038], [9, 78, 0.412802396], [9, 79, 0.192674762], [9, 80, 0.158271691], [9, 81, 0.136311965], [9, 82, 0.253960714], [9, 83, 0.25148417100000003], [9, 84, 0.097617071], [9, 85, 0.10411091], [9, 86, 0.08373054], [9, 87, 0.129636002], [9, 88, 0.074711322], [9, 89, 0.117295545], [9, 90, 0.18145821899999998], [9, 91, 0.5064859660000001], [9, 92, 0.031357435], [9, 93, 0.167336979], [9, 94, 0.36262345700000004], [9, 95, 0.111708189], [10, 0, 0.029982899], [10, 1, 0.030655339], [10, 2, 0.072430278], [10, 3, 0.082602153], [10, 4, 0.031106116], [10, 5, 0.039573357], [10, 6, 0.038156574], [10, 7, 0.053364864000000005], [10, 8, 0.025973892000000002], [10, 9, 0.078850121], [10, 11, 0.052357232000000004], [10, 12, 0.014842909], [10, 13, 0.05774887], [10, 14, 0.04131958], [10, 15, 0.051778795], [10, 16, 0.036085384], [10, 17, 0.070051138], [10, 18, 0.047804154], [10, 19, 0.031633482000000004], [10, 20, 0.012715654], [10, 21, -0.0033941379999999997], [10, 22, 0.013769836], [10, 23, 0.008668221], [10, 24, 0.003563162], [10, 25, 0.02337212], [10, 26, 0.058079813], [10, 27, 0.062060114000000006], [10, 28, 0.05841644], [10, 29, 0.037869482], [10, 30, 0.07661151299999999], [10, 31, 0.034291826], [10, 32, 0.096419012], [10, 33, 0.04077635], [10, 34, 0.039643895], [10, 35, 0.030985229], [10, 36, 0.037044858], [10, 37, 0.071549981], [10, 38, 0.073653974], [10, 39, 0.047905377], [10, 40, 0.036343236], [10, 41, 0.050282158], [10, 42, 0.050931777000000004], [10, 43, 0.140264681], [10, 44, 0.071818617], [10, 45, 0.103841857], [10, 46, 0.15905552], [10, 47, 0.023418765], [10, 48, 0.023319417000000002], [10, 49, 0.080944629], [10, 50, 0.060449817999999995], [10, 51, 0.018540354], [10, 52, 0.009410853], [10, 53, 0.032030107], [10, 54, 0.025767245], [10, 55, -0.006615465], [10, 56, 0.059989361], [10, 57, 0.058074839], [10, 58, 0.08133869099999999], [10, 59, 0.06605013400000001], [10, 60, 0.095757206], [10, 61, 0.038166458], [10, 62, 0.082074795], [10, 63, 0.039263625], [10, 64, 0.028870626], [10, 65, 0.042921977], [10, 66, 0.04328565], [10, 67, 0.008646691], [10, 68, 0.040833608], [10, 69, 0.03685781], [10, 70, 0.033636715], [10, 71, 0.07373875], [10, 72, 0.032298018], [10, 73, 0.025971002000000003], [10, 74, 0.059800643], [10, 75, 0.105057519], [10, 76, 0.033504772], [10, 77, 0.010254628], [10, 78, 0.070625865], [10, 79, 0.038605049], [10, 80, 0.047723080999999994], [10, 81, 0.02711671], [10, 82, 0.078557377], [10, 83, 0.043663213], [10, 84, 0.035651341], [10, 85, 0.024014012], [10, 86, 0.041368836], [10, 87, 0.05389124], [10, 88, 0.025281333], [10, 89, 0.013230606], [10, 90, 0.062663158], [10, 91, 0.063404895], [10, 92, 0.056051022], [10, 93, 0.05132691], [10, 94, 0.051270317], [10, 95, 0.024900075], [11, 0, 0.229233], [11, 1, 0.11801605], [11, 2, 0.06691797], [11, 3, 0.28190236399999996], [11, 4, 0.096173189], [11, 5, 0.093715445], [11, 6, 0.12894470800000002], [11, 7, 0.128868929], [11, 8, 0.090389761], [11, 9, 0.31361112], [11, 10, 0.052357232000000004], [11, 12, 0.055922004000000004], [11, 13, 0.179278479], [11, 14, 0.171559495], [11, 15, 0.177594946], [11, 16, 0.146370355], [11, 17, 0.1832333], [11, 18, 0.225232913], [11, 19, 0.152683991], [11, 20, 0.108141591], [11, 21, 0.04762833], [11, 22, 0.009293348], [11, 23, 0.052937073], [11, 24, 0.093339891], [11, 25, 0.09617656699999999], [11, 26, 0.18509540100000002], [11, 27, 0.237548688], [11, 28, 0.239407421], [11, 29, 0.152670756], [11, 30, 0.061955496], [11, 31, -0.010986132], [11, 32, 0.17321115199999998], [11, 33, 0.218850706], [11, 34, 0.164140546], [11, 35, 0.052680358], [11, 36, 0.13840543], [11, 37, 0.11865631800000001], [11, 38, 0.34624187799999995], [11, 39, 0.117181279], [11, 40, 0.076499323], [11, 41, 0.205870578], [11, 42, 0.155445964], [11, 43, 0.032168672], [11, 44, 0.30216174100000004], [11, 45, 0.09341824900000001], [11, 46, 0.060028307], [11, 47, 0.060476767], [11, 48, 0.092001228], [11, 49, 0.152124935], [11, 50, 0.118330503], [11, 51, 0.039487695], [11, 52, 0.015921733], [11, 53, 0.055623461], [11, 54, 0.062457094000000005], [11, 55, 0.005553843], [11, 56, 0.049479177], [11, 57, 0.21944372899999998], [11, 58, 0.103352456], [11, 59, -0.000231416], [11, 60, 0.106004993], [11, 61, 0.14240071099999999], [11, 62, 0.108196562], [11, 63, 0.14550258], [11, 64, 0.07064639], [11, 65, 0.165710838], [11, 66, 0.171476253], [11, 67, -0.0036964640000000004], [11, 68, 0.117806779], [11, 69, 0.148176243], [11, 70, 0.21388937], [11, 71, 0.232977391], [11, 72, 0.199321395], [11, 73, 0.10767185], [11, 74, 0.14813378800000002], [11, 75, 0.023901776], [11, 76, 0.067638086], [11, 77, 0.04347534], [11, 78, 0.262411188], [11, 79, 0.110054537], [11, 80, 0.10654907300000001], [11, 81, 0.09788277699999999], [11, 82, 0.188597143], [11, 83, 0.124421382], [11, 84, 0.063855333], [11, 85, 0.058933489000000006], [11, 86, 0.049641570999999995], [11, 87, 0.093774429], [11, 88, 0.037821616], [11, 89, 0.077994797], [11, 90, 0.14267611300000002], [11, 91, 0.252111848], [11, 92, 0.019217483], [11, 93, 0.118448306], [11, 94, 0.235283225], [11, 95, 0.065472767], [12, 0, 0.050862419000000006], [12, 1, 0.162703011], [12, 2, 0.044482411], [12, 3, 0.079809189], [12, 4, 0.191000312], [12, 5, 0.21158437300000002], [12, 6, 0.10994029699999999], [12, 7, 0.11825835], [12, 8, 0.178587852], [12, 9, 0.091722013], [12, 10, 0.014842909], [12, 11, 0.055922004000000004], [12, 13, 0.157873738], [12, 14, 0.14563294400000001], [12, 15, 0.164418345], [12, 16, 0.14472347900000002], [12, 17, 0.129158416], [12, 18, 0.039648396], [12, 19, 0.18331689], [12, 20, 0.208249535], [12, 21, 0.032353707999999995], [12, 22, 0.013652663], [12, 23, 0.084561506], [12, 24, 0.20202858899999998], [12, 25, 0.18077869300000002], [12, 26, 0.05292], [12, 27, 0.100745048], [12, 28, 0.061254464], [12, 29, 0.151607945], [12, 30, 0.004361679], [12, 31, 0.003286785], [12, 32, 0.036952168], [12, 33, 0.12628335], [12, 34, 0.165241307], [12, 35, 0.037688354], [12, 36, 0.06516676099999999], [12, 37, 0.038745142999999996], [12, 38, 0.08556062199999999], [12, 39, 0.093760194], [12, 40, 0.09972312], [12, 41, 0.081940039], [12, 42, 0.10967588800000001], [12, 43, 0.013286892], [12, 44, 0.078998948], [12, 45, 0.027326914], [12, 46, 0.012859418999999999], [12, 47, 0.10115684], [12, 48, 0.269552625], [12, 49, 0.084086825], [12, 50, 0.132010811], [12, 51, 0.017969913], [12, 52, 0.032405808], [12, 53, 0.048294114000000006], [12, 54, 0.19720285399999998], [12, 55, 0.004605176], [12, 56, 0.012051542], [12, 57, 0.17906637600000003], [12, 58, 0.03875922], [12, 59, -0.004871207], [12, 60, 0.064786942], [12, 61, 0.14918785099999998], [12, 62, 0.036198628999999996], [12, 63, 0.08427457199999999], [12, 64, 0.080390457], [12, 65, 0.15149685400000001], [12, 66, 0.14195326], [12, 67, 0.012122396], [12, 68, 0.058716069], [12, 69, 0.150863718], [12, 70, 0.027828102], [12, 71, 0.090854205], [12, 72, 0.121235966], [12, 73, 0.156384005], [12, 74, 0.080687458], [12, 75, 0.016421855], [12, 76, 0.078710421], [12, 77, 0.026843835], [12, 78, 0.082099699], [12, 79, 0.09250286199999999], [12, 80, 0.16451711300000002], [12, 81, 0.17075888600000003], [12, 82, 0.08144950299999999], [12, 83, 0.102052944], [12, 84, 0.15739620599999998], [12, 85, 0.172984112], [12, 86, 0.040397949], [12, 87, 0.052672131], [12, 88, 0.018899258000000002], [12, 89, 0.148873901], [12, 90, 0.052427039], [12, 91, 0.065463717], [12, 92, 0.021154811000000003], [12, 93, 0.083813756], [12, 94, 0.171309995], [12, 95, 0.19608864199999998], [13, 0, 0.19113264800000002], [13, 1, 0.377552595], [13, 2, 0.065035635], [13, 3, 0.23885962], [13, 4, 0.29439534100000003], [13, 5, 0.38872130200000005], [13, 6, 0.41833212200000003], [13, 7, 0.492918354], [13, 8, 0.298961996], [13, 9, 0.308669517], [13, 10, 0.05774887], [13, 11, 0.179278479], [13, 12, 0.157873738], [13, 14, 0.527222043], [13, 15, 0.635475997], [13, 16, 0.41304193100000003], [13, 17, 0.34609987], [13, 18, 0.208634824], [13, 19, 0.5943765870000001], [13, 20, 0.45325756899999997], [13, 21, 0.05019582400000001], [13, 22, 0.02382877], [13, 23, 0.10638874400000001], [13, 24, 0.37072738299999997], [13, 25, 0.27138856899999997], [13, 26, 0.192529615], [13, 27, 0.282193623], [13, 28, 0.234554758], [13, 29, 0.35661676200000003], [13, 30, 0.085399164], [13, 31, -0.009158556], [13, 32, 0.12348541099999999], [13, 33, 0.324368259], [13, 34, 0.434610715], [13, 35, 0.07557546400000001], [13, 36, 0.147088271], [13, 37, 0.12053976400000001], [13, 38, 0.27809834899999997], [13, 39, 0.22716910399999998], [13, 40, 0.107020811], [13, 41, 0.26921455699999997], [13, 42, 0.493316318], [13, 43, -0.014298914], [13, 44, 0.273707607], [13, 45, 0.069620254], [13, 46, 0.08201154599999999], [13, 47, 0.168380764], [13, 48, 0.23038466100000002], [13, 49, 0.18082983600000002], [13, 50, 0.21944762], [13, 51, 0.034714387], [13, 52, 0.039733498], [13, 53, 0.08043879400000001], [13, 54, 0.191130921], [13, 55, 0.023787645], [13, 56, 0.047151791], [13, 57, 0.543529296], [13, 58, 0.08098577700000001], [13, 59, 0.004525670999999999], [13, 60, 0.077292109], [13, 61, 0.365150396], [13, 62, 0.088023882], [13, 63, 0.13517939699999998], [13, 64, 0.20937099399999998], [13, 65, 0.286403404], [13, 66, 0.370967786], [13, 67, 0.037326908], [13, 68, 0.168612903], [13, 69, 0.560792231], [13, 70, 0.083845948], [13, 71, 0.293941132], [13, 72, 0.330195549], [13, 73, 0.342145745], [13, 74, 0.19711429100000002], [13, 75, 0.031226853], [13, 76, 0.205861913], [13, 77, 0.065990317], [13, 78, 0.212053562], [13, 79, 0.292319712], [13, 80, 0.20287662399999998], [13, 81, 0.301226266], [13, 82, 0.135416598], [13, 83, 0.321881386], [13, 84, 0.123699675], [13, 85, 0.21343331100000001], [13, 86, 0.10092784699999999], [13, 87, 0.105346571], [13, 88, 0.056945855], [13, 89, 0.165640329], [13, 90, 0.173072051], [13, 91, 0.26176451300000003], [13, 92, 0.019255597], [13, 93, 0.21705681], [13, 94, 0.512514438], [13, 95, 0.164323737], [14, 0, 0.183448749], [14, 1, 0.27455518100000004], [14, 2, 0.076727241], [14, 3, 0.256756231], [14, 4, 0.216507922], [14, 5, 0.36005026799999995], [14, 6, 0.270114345], [14, 7, 0.28730091399999996], [14, 8, 0.354024102], [14, 9, 0.259763989], [14, 10, 0.04131958], [14, 11, 0.171559495], [14, 12, 0.14563294400000001], [14, 13, 0.527222043], [14, 15, 0.45668774700000003], [14, 16, 0.26737453699999997], [14, 17, 0.261471863], [14, 18, 0.21483407699999998], [14, 19, 0.468420957], [14, 20, 0.352444795], [14, 21, 0.07199042900000001], [14, 22, 0.0017070370000000002], [14, 23, 0.11878345900000001], [14, 24, 0.290210724], [14, 25, 0.279728821], [14, 26, 0.21875816], [14, 27, 0.18208364300000002], [14, 28, 0.20545998], [14, 29, 0.255507978], [14, 30, 0.080096205], [14, 31, -0.041076125], [14, 32, 0.161655353], [14, 33, 0.316450054], [14, 34, 0.327916392], [14, 35, 0.064206657], [14, 36, 0.07931147200000001], [14, 37, 0.107774657], [14, 38, 0.24294945899999998], [14, 39, 0.17512899199999998], [14, 40, 0.09799998800000001], [14, 41, 0.18546951399999997], [14, 42, 0.315030896], [14, 43, -0.033437939], [14, 44, 0.225664115], [14, 45, 0.09347003599999999], [14, 46, 0.087750501], [14, 47, 0.24468484699999998], [14, 48, 0.22395690699999998], [14, 49, 0.20466948], [14, 50, 0.206346744], [14, 51, 0.030004591], [14, 52, 0.031946166], [14, 53, 0.089925277], [14, 54, 0.182171258], [14, 55, 0.01642019], [14, 56, 0.018177242], [14, 57, 0.39184175], [14, 58, 0.080575626], [14, 59, -0.011549051000000001], [14, 60, 0.055498954], [14, 61, 0.284936929], [14, 62, 0.097167183], [14, 63, 0.09827542800000001], [14, 64, 0.140688985], [14, 65, 0.285548488], [14, 66, 0.28228051], [14, 67, 0.030781694], [14, 68, 0.154413089], [14, 69, 0.490206838], [14, 70, 0.100332528], [14, 71, 0.306056202], [14, 72, 0.227018245], [14, 73, 0.254444306], [14, 74, 0.167030715], [14, 75, 0.001712624], [14, 76, 0.136628996], [14, 77, 0.06270203], [14, 78, 0.168158361], [14, 79, 0.196880406], [14, 80, 0.19848123199999998], [14, 81, 0.255582522], [14, 82, 0.13790243900000002], [14, 83, 0.213150068], [14, 84, 0.142986615], [14, 85, 0.20866263], [14, 86, 0.07865844599999999], [14, 87, 0.10604628699999999], [14, 88, 0.044868788], [14, 89, 0.186833583], [14, 90, 0.17650539399999998], [14, 91, 0.187578217], [14, 92, -0.012800573], [14, 93, 0.227440045], [14, 94, 0.395263829], [14, 95, 0.174459555], [15, 0, 0.191989663], [15, 1, 0.39653425299999995], [15, 2, 0.054232645999999995], [15, 3, 0.231447607], [15, 4, 0.30851863], [15, 5, 0.384269139], [15, 6, 0.45129916200000003], [15, 7, 0.45813809299999997], [15, 8, 0.287392357], [15, 9, 0.30419103], [15, 10, 0.051778795], [15, 11, 0.177594946], [15, 12, 0.164418345], [15, 13, 0.635475997], [15, 14, 0.45668774700000003], [15, 16, 0.422444366], [15, 17, 0.361606334], [15, 18, 0.184547276], [15, 19, 0.51683792], [15, 20, 0.42044783], [15, 21, 0.05514017400000001], [15, 22, 0.020150461], [15, 23, 0.105552041], [15, 24, 0.34232421799999996], [15, 25, 0.24094544], [15, 26, 0.17626812100000003], [15, 27, 0.301158023], [15, 28, 0.24242413], [15, 29, 0.366825151], [15, 30, 0.067439018], [15, 31, -0.01039961], [15, 32, 0.10703731699999999], [15, 33, 0.320814971], [15, 34, 0.39229377], [15, 35, 0.064406028], [15, 36, 0.164390146], [15, 37, 0.102235829], [15, 38, 0.28128675], [15, 39, 0.228330908], [15, 40, 0.102650109], [15, 41, 0.28483954300000003], [15, 42, 0.497960044], [15, 43, 0.002749265], [15, 44, 0.285936125], [15, 45, 0.073996086], [15, 46, 0.082944039], [15, 47, 0.166374153], [15, 48, 0.230477729], [15, 49, 0.170209405], [15, 50, 0.19797425600000002], [15, 51, 0.025514085], [15, 52, 0.040293567999999995], [15, 53, 0.08238557099999999], [15, 54, 0.180311418], [15, 55, 0.032453511000000004], [15, 56, 0.057570828], [15, 57, 0.525531124], [15, 58, 0.089330936], [15, 59, -0.00042258199999999996], [15, 60, 0.104029165], [15, 61, 0.359581428], [15, 62, 0.08845287199999999], [15, 63, 0.161770339], [15, 64, 0.231535687], [15, 65, 0.288966991], [15, 66, 0.37611084899999997], [15, 67, 0.028889712999999997], [15, 68, 0.17498306100000002], [15, 69, 0.455075036], [15, 70, 0.09621901199999999], [15, 71, 0.28811025100000004], [15, 72, 0.33970603899999996], [15, 73, 0.33448288], [15, 74, 0.197924271], [15, 75, 0.040591356], [15, 76, 0.209879235], [15, 77, 0.057812262], [15, 78, 0.23538693800000002], [15, 79, 0.329635938], [15, 80, 0.20262065199999998], [15, 81, 0.265492825], [15, 82, 0.151637878], [15, 83, 0.340542643], [15, 84, 0.127203794], [15, 85, 0.214326552], [15, 86, 0.134996409], [15, 87, 0.112484335], [15, 88, 0.062850546], [15, 89, 0.16074761099999998], [15, 90, 0.165068835], [15, 91, 0.269612565], [15, 92, 0.010684846999999999], [15, 93, 0.211272052], [15, 94, 0.456506718], [15, 95, 0.177447689], [16, 0, 0.14043608400000002], [16, 1, 0.332989849], [16, 2, 0.038527462], [16, 3, 0.170767792], [16, 4, 0.266505205], [16, 5, 0.26746363300000003], [16, 6, 0.325192167], [16, 7, 0.43949936799999995], [16, 8, 0.22146621600000002], [16, 9, 0.283390656], [16, 10, 0.036085384], [16, 11, 0.146370355], [16, 12, 0.14472347900000002], [16, 13, 0.41304193100000003], [16, 14, 0.26737453699999997], [16, 15, 0.422444366], [16, 17, 0.389630278], [16, 18, 0.13932734300000002], [16, 19, 0.468178382], [16, 20, 0.365288971], [16, 21, 0.051984932000000005], [16, 22, 0.025199466], [16, 23, 0.09436894300000001], [16, 24, 0.328238029], [16, 25, 0.185497598], [16, 26, 0.14978312300000002], [16, 27, 0.293394721], [16, 28, 0.19810407300000002], [16, 29, 0.34626521299999996], [16, 30, 0.06018278], [16, 31, 0.016208682], [16, 32, 0.056248969], [16, 33, 0.269501355], [16, 34, 0.355568306], [16, 35, 0.073564327], [16, 36, 0.171895207], [16, 37, 0.104526284], [16, 38, 0.22851659], [16, 39, 0.294075058], [16, 40, 0.107189083], [16, 41, 0.286787054], [16, 42, 0.388056668], [16, 43, 0.013021598], [16, 44, 0.245662395], [16, 45, 0.040297014], [16, 46, 0.079320902], [16, 47, 0.094677404], [16, 48, 0.200840358], [16, 49, 0.13473496199999999], [16, 50, 0.16346467], [16, 51, 0.033674773], [16, 52, 0.04832063599999999], [16, 53, 0.071442128], [16, 54, 0.163505926], [16, 55, 0.02707069], [16, 56, 0.026916677000000003], [16, 57, 0.502070605], [16, 58, 0.08687180900000001], [16, 59, -0.014499198], [16, 60, 0.118328364], [16, 61, 0.345072618], [16, 62, 0.073749806], [16, 63, 0.187413175], [16, 64, 0.22091612100000002], [16, 65, 0.225530034], [16, 66, 0.34956756299999997], [16, 67, 0.036365378], [16, 68, 0.144489893], [16, 69, 0.326823425], [16, 70, 0.07298500000000001], [16, 71, 0.228460622], [16, 72, 0.30507786], [16, 73, 0.35315468], [16, 74, 0.207473593], [16, 75, 0.036883415], [16, 76, 0.201830344], [16, 77, 0.06581489], [16, 78, 0.21964808600000002], [16, 79, 0.267732898], [16, 80, 0.167313456], [16, 81, 0.216460493], [16, 82, 0.137688068], [16, 83, 0.33394314199999997], [16, 84, 0.132066918], [16, 85, 0.18435263], [16, 86, 0.12514604199999999], [16, 87, 0.083072571], [16, 88, 0.057632904000000006], [16, 89, 0.142398838], [16, 90, 0.123225918], [16, 91, 0.256572559], [16, 92, -0.007710023000000001], [16, 93, 0.152869419], [16, 94, 0.374686078], [16, 95, 0.176985682], [17, 0, 0.16835064100000002], [17, 1, 0.28069825800000003], [17, 2, 0.055568565], [17, 3, 0.236970125], [17, 4, 0.243420776], [17, 5, 0.24394332100000002], [17, 6, 0.286067484], [17, 7, 0.329470389], [17, 8, 0.188554466], [17, 9, 0.365382086], [17, 10, 0.070051138], [17, 11, 0.1832333], [17, 12, 0.129158416], [17, 13, 0.34609987], [17, 14, 0.261471863], [17, 15, 0.361606334], [17, 16, 0.389630278], [17, 18, 0.165417072], [17, 19, 0.3597293], [17, 20, 0.334251274], [17, 21, 0.07101159900000001], [17, 22, 0.027