import{e as k,r as c,w as x,p,a as C,E as f,o as M,c as g,b as s,d as l,u}from"./index.09404d41.js";var b="[[0, 1, 0.123639535], [0, 2, 0.131904216], [0, 3, 0.063364617], [0, 4, 0.075760987], [0, 5, 0.054079863], [0, 6, 0.089240952], [0, 7, 0.022623997000000003], [0, 8, 0.067574936], [0, 9, 0.091191705], [0, 10, 0.241507759], [0, 11, 0.155088941], [0, 12, 0.21829230800000002], [0, 13, 0.264836171], [0, 14, 0.200289303], [0, 15, 0.09138854099999999], [0, 16, 0.123524855], [0, 17, 0.167133135], [0, 18, 0.219806533], [0, 19, 0.071800984], [0, 20, 0.09740841900000001], [0, 21, 0.130569259], [0, 22, 0.192518023], [0, 23, 0.316522947], [0, 24, 0.135606429], [0, 25, 0.054491566], [0, 26, 0.048701307], [0, 27, 0.063459494], [0, 28, 0.48159309299999997], [0, 29, 0.575900765], [0, 30, 0.116500534], [0, 31, 0.076394422], [0, 32, 0.09407737599999999], [0, 33, 0.12272421800000001], [0, 34, 0.12727777], [0, 35, 0.019299277], [0, 36, 0.414349711], [0, 37, 0.300863898], [0, 38, 0.24219449899999998], [0, 39, 0.143308567], [0, 40, 0.297197305], [0, 41, 0.330096674], [0, 42, 0.194558103], [0, 43, 0.204569339], [0, 44, 0.164993125], [0, 45, 0.17071995199999998], [0, 46, 0.20291023800000002], [0, 47, 0.11836030300000001], [0, 48, 0.022240885], [0, 49, 0.144268235], [0, 50, 0.010669457], [0, 51, 0.143274199], [0, 52, 0.03300001], [0, 53, 0.11307228400000001], [0, 54, 0.18622620399999998], [0, 55, 0.100426106], [0, 56, 0.111391122], [0, 57, 0.075292289], [0, 58, 0.091732108], [0, 59, 0.071106291], [0, 60, 0.029801416], [0, 61, 0.030406045], [0, 62, 0.050773251], [0, 63, 0.09596053199999999], [0, 64, 0.062574919], [0, 65, 0.11452941400000001], [0, 66, 0.157503071], [0, 67, 0.106715103], [0, 68, 0.057557472], [0, 69, 0.19078302800000002], [0, 70, 0.165795471], [0, 71, 0.255301783], [0, 72, 0.046084392], [0, 73, 0.040628354], [0, 74, 0.166387078], [0, 75, 0.445669143], [0, 76, 0.231102549], [0, 77, 0.333807118], [0, 78, 0.370433341], [0, 79, 0.224303435], [0, 80, 0.22093823], [0, 81, 0.083217175], [0, 82, 0.027406142], [0, 83, 0.030917964], [0, 84, 0.017967763], [0, 85, 0.174815668], [0, 86, 0.15824026], [0, 87, 0.209711896], [0, 88, 0.406388175], [0, 89, 0.276107208], [0, 90, 0.22487458899999999], [0, 91, 0.290413795], [0, 92, 0.06504436], [0, 93, 0.044429538], [0, 94, 0.067271843], [0, 95, 0.11750140099999999], [0, 96, 0.104767519], [0, 97, 0.026813811], [0, 98, 0.040034359], [0, 99, 0.088282989], [0, 100, 0.012814471000000001], [0, 101, 0.027427353999999998], [0, 102, 0.145612734], [0, 103, -0.018605373999999997], [0, 104, 0.020334603], [0, 105, 0.22153921399999998], [0, 106, 0.275842935], [0, 107, 0.214865043], [0, 108, 0.163484844], [0, 109, 0.16872599100000002], [0, 110, 0.142513203], [0, 111, 0.129807502], [0, 112, 0.19311445], [0, 113, 0.22991847899999998], [0, 114, 0.26326550000000004], [0, 115, 0.153719413], [1, 0, 0.123639535], [1, 2, 0.19471454600000002], [1, 3, 0.078422283], [1, 4, 0.104050284], [1, 5, 0.060383319000000005], [1, 6, 0.089234132], [1, 7, 0.039462515], [1, 8, 0.127321199], [1, 9, 0.044812033], [1, 10, 0.055247412], [1, 11, 0.060533866], [1, 12, 0.087696509], [1, 13, 0.103688369], [1, 14, 0.071006917], [1, 15, 0.060040148], [1, 16, 0.087294002], [1, 17, 0.079241242], [1, 18, 0.08374968599999999], [1, 19, 0.086014939], [1, 20, 0.062203445999999996], [1, 21, 0.062330549000000006], [1, 22, 0.098225992], [1, 23, 0.097782149], [1, 24, 0.17287892100000002], [1, 25, 0.079635477], [1, 26, 0.045038039], [1, 27, 0.045542945999999994], [1, 28, 0.09733066800000001], [1, 29, 0.09270623900000001], [1, 30, 0.078409369], [1, 31, 0.20363809600000002], [1, 32, 0.173688139], [1, 33, 0.211477284], [1, 34, 0.130116129], [1, 35, 0.11527476800000001], [1, 36, 0.129181023], [1, 37, 0.049744370999999996], [1, 38, 0.095768017], [1, 39, 0.104622357], [1, 40, 0.13765756699999998], [1, 41, 0.065611491], [1, 42, 0.076775342], [1, 43, 0.075646109], [1, 44, 0.150324315], [1, 45, 0.104359805], [1, 46, 0.184880519], [1, 47, 0.232610725], [1, 48, 0.042610946], [1, 49, 0.027260062], [1, 50, 0.036910855], [1, 51, 0.126154969], [1, 52, 0.029770627999999997], [1, 53, 0.075555582], [1, 54, 0.132516722], [1, 55, 0.077404817], [1, 56, 0.09540448800000001], [1, 57, 0.077520721], [1, 58, 0.071909433], [1, 59, 0.062473742], [1, 60, 0.05723473], [1, 61, 0.041327874], [1, 62, 0.06921532700000001], [1, 63, 0.083214985], [1, 64, 0.053861822999999996], [1, 65, 0.078736341], [1, 66, 0.07303879099999999], [1, 67, 0.056267775], [1, 68, 0.052048845999999996], [1, 69, 0.05905025], [1, 70, 0.028482927999999998], [1, 71, 0.12152440699999999], [1, 72, 0.072627355], [1, 73, 0.087715623], [1, 74, 0.07518681599999999], [1, 75, 0.091163356], [1, 76, 0.063457916], [1, 77, 0.057023475], [1, 78, 0.09390163900000001], [1, 79, 0.076717299], [1, 80, 0.071255561], [1, 81, 0.060169090999999994], [1, 82, 0.04810773], [1, 83, 0.024632185], [1, 84, 0.081442051], [1, 85, 0.112281924], [1, 86, 0.049222287], [1, 87, 0.09927513800000001], [1, 88, 0.10744073900000001], [1, 89, 0.09997045], [1, 90, 0.079178014], [1, 91, 0.08682108300000001], [1, 92, 0.08474478699999999], [1, 93, 0.050222034000000006], [1, 94, 0.036509622], [1, 95, 0.074872334], [1, 96, 0.045198796], [1, 97, 0.016402006], [1, 98, 0.014047307], [1, 99, 0.057444517], [1, 100, -0.012347226999999999], [1, 101, 0.0050822509999999994], [1, 102, 0.130891482], [1, 103, 0.066863042], [1, 104, 0.010716326000000002], [1, 105, 0.124217513], [1, 106, 0.115071307], [1, 107, 0.088560624], [1, 108, 0.041352346], [1, 109, 0.041501719], [1, 110, 0.046028694], [1, 111, 0.067017594], [1, 112, 0.080677913], [1, 113, 0.06823660299999999], [1, 114, 0.0737498], [1, 115, 0.024300044], [2, 0, 0.131904216], [2, 1, 0.19471454600000002], [2, 3, 0.14896749], [2, 4, 0.166587234], [2, 5, 0.042175875999999994], [2, 6, 0.173925136], [2, 7, 0.01198945], [2, 8, 0.10546555], [2, 9, 0.080924211], [2, 10, 0.110582043], [2, 11, 0.09424473400000001], [2, 12, 0.135739165], [2, 13, 0.142800868], [2, 14, 0.106310816], [2, 15, 0.079440522], [2, 16, 0.123347619], [2, 17, 0.099199164], [2, 18, 0.123136466], [2, 19, 0.055481592999999996], [2, 20, 0.084647415], [2, 21, 0.12329830900000001], [2, 22, 0.152769968], [2, 23, 0.14515298699999998], [2, 24, 0.15419350199999998], [2, 25, 0.090828282], [2, 26, 0.037099204], [2, 27, 0.050583511], [2, 28, 0.139507354], [2, 29, 0.129607332], [2, 30, 0.11801634300000001], [2, 31, 0.1122963], [2, 32, 0.12248063], [2, 33, 0.20148332], [2, 34, 0.261653741], [2, 35, 0.07090724799999999], [2, 36, 0.175715502], [2, 37, 0.059607960999999994], [2, 38, 0.16275240900000001], [2, 39, 0.165595863], [2, 40, 0.187826498], [2, 41, 0.095534991], [2, 42, 0.090092243], [2, 43, 0.117546655], [2, 44, 0.195707176], [2, 45, 0.184803943], [2, 46, 0.210260063], [2, 47, 0.143088298], [2, 48, 0.035827587], [2, 49, 0.09472647599999999], [2, 50, 0.040124772999999996], [2, 51, 0.10336583099999999], [2, 52, 0.054621592000000004], [2, 53, 0.09249083400000001], [2, 54, 0.137539691], [2, 55, 0.085911252], [2, 56, 0.115024913], [2, 57, 0.094288071], [2, 58, 0.08231982], [2, 59, 0.037247243], [2, 60, 0.042376142], [2, 61, 0.037717346], [2, 62, 0.055714467999999996], [2, 63, 0.079893293], [2, 64, 0.063967291], [2, 65, 0.096101702], [2, 66, 0.125846467], [2, 67, 0.063951222], [2, 68, 0.058750334], [2, 69, 0.142016957], [2, 70, 0.113920269], [2, 71, 0.176421016], [2, 72, 0.076696801], [2, 73, 0.053833612999999995], [2, 74, 0.147863912], [2, 75, 0.14940155300000002], [2, 76, 0.122516043], [2, 77, 0.072848255], [2, 78, 0.159995702], [2, 79, 0.171853566], [2, 80, 0.131418126], [2, 81, 0.09798191199999999], [2, 82, 0.034965547], [2, 83, 0.016867264], [2, 84, 0.007284508], [2, 85, 0.094341324], [2, 86, 0.087281089], [2, 87, 0.131016736], [2, 88, 0.113427078], [2, 89, 0.129388072], [2, 90, 0.099256266], [2, 91, 0.113006193], [2, 92, 0.039172389], [2, 93, 0.052957461], [2, 94, 0.041219677999999996], [2, 95, 0.09705984599999999], [2, 96, 0.078672891], [2, 97, 0.019248575], [2, 98, 0.0419211], [2, 99, 0.06691586], [2, 100, 0.009249924], [2, 101, 0.02362001], [2, 102, 0.119085648], [2, 103, -0.009825855999999999], [2, 104, 0.016971155], [2, 105, 0.14076562], [2, 106, 0.21215408600000002], [2, 107, 0.145113047], [2, 108, 0.10720956599999999], [2, 109, 0.10007549800000001], [2, 110, 0.11336482], [2, 111, 0.11302448699999999], [2, 112, 0.140748441], [2, 113, 0.15404658599999999], [2, 114, 0.173581885], [2, 115, 0.093742116], [3, 0, 0.063364617], [3, 1, 0.078422283], [3, 2, 0.14896749], [3, 4, 0.297263491], [3, 5, 0.028933752000000004], [3, 6, 0.08309731299999999], [3, 7, 0.016125867], [3, 8, 0.059375477], [3, 9, 0.036624317], [3, 10, 0.047400622], [3, 11, 0.033286076], [3, 12, 0.043385762], [3, 13, 0.055888607], [3, 14, 0.03874444], [3, 15, 0.016256467], [3, 16, 0.038100135], [3, 17, 0.030645037000000003], [3, 18, 0.051663970999999996], [3, 19, 0.040700287], [3, 20, 0.046581917], [3, 21, 0.041959032], [3, 22, 0.075436312], [3, 23, 0.050590464], [3, 24, 0.044486522], [3, 25, 0.024613974], [3, 26, 0.020437118], [3, 27, 0.039547891], [3, 28, 0.048498705999999996], [3, 29, 0.04775917599999999], [3, 30, 0.081845552], [3, 31, 0.055953498], [3, 32, 0.051536745999999994], [3, 33, 0.151607796], [3, 34, 0.22251244], [3, 35, 0.247239949], [3, 36, 0.057291634], [3, 37, 0.038874446], [3, 38, 0.04483506], [3, 39, 0.063554582], [3, 40, 0.072910575], [3, 41, 0.081429402], [3, 42, 0.085978505], [3, 43, 0.051339464], [3, 44, 0.067424593], [3, 45, 0.09935291199999999], [3, 46, 0.081301405], [3, 47, 0.076630642], [3, 48, 0.034894576000000004], [3, 49, 0.053882991], [3, 50, 0.009319853000000001], [3, 51, 0.054973685999999994], [3, 52, 0.048745777000000004], [3, 53, 0.059811486], [3, 54, 0.08665192199999999], [3, 55, 0.074876617], [3, 56, 0.09056258], [3, 57, 0.074608015], [3, 58, 0.0596116], [3, 59, 0.042424629000000005], [3, 60, 0.07776829099999999], [3, 61, 0.044435859], [3, 62, 0.07048014], [3, 63, 0.069417455], [3, 64, 0.051107840999999994], [3, 65, 0.065191151], [3, 66, 0.09526859800000001], [3, 67, 0.068256199], [3, 68, 0.055495326], [3, 69, 0.040338507], [3, 70, 0.034943739], [3, 71, 0.082012544], [3, 72, 0.143490854], [3, 73, 0.12250274800000001], [3, 74, 0.059320659000000005], [3, 75, 0.060474462], [3, 76, 0.054154572000000005], [3, 77, 0.04251622], [3, 78, 0.06401594], [3, 79, 0.05409205], [3, 80, 0.053259883], [3, 81, 0.044368155], [3, 82, 0.032376841], [3, 83, 0.042026662], [3, 84, 0.077164684], [3, 85, 0.148610173], [3, 86, 0.038115397999999995], [3, 87, 0.06824799299999999], [3, 88, 0.066056205], [3, 89, 0.057019745999999996], [3, 90, 0.107002642], [3, 91, 0.094051614], [3, 92, 0.042995052], [3, 93, 0.029898745], [3, 94, 0.035377932], [3, 95, 0.069220324], [3, 96, 0.050121897], [3, 97, -0.003235446], [3, 98, 0.01316014], [3, 99, 0.042345655], [3, 100, -0.007313208000000001], [3, 101, 0.011153841999999999], [3, 102, 0.073165528], [3, 103, 0.02667442], [3, 104, 0.015301536999999999], [3, 105, 0.065215234], [3, 106, 0.068170206], [3, 107, 0.052106171], [3, 108, 0.060714252], [3, 109, 0.025082662000000002], [3, 110, 0.077049334], [3, 111, 0.058777628], [3, 112, 0.061539925999999995], [3, 113, 0.050559975], [3, 114, 0.068308867], [3, 115, 0.030587556000000002], [4, 0, 0.075760987], [4, 1, 0.104050284], [4, 2, 0.166587234], [4, 3, 0.297263491], [4, 5, 0.09454208900000001], [4, 6, 0.104306157], [4, 7, 0.030118616], [4, 8, 0.062724052], [4, 9, 0.014489413], [4, 10, 0.042148468], [4, 11, 0.033038485], [4, 12, 0.067218395], [4, 13, 0.079687333], [4, 14, 0.045815792], [4, 15, 0.026138803], [4, 16, 0.08009893900000001], [4, 17, 0.065675523], [4, 18, 0.067703238], [4, 19, 0.064737803], [4, 20, 0.061109727999999995], [4, 21, 0.050896178], [4, 22, 0.098946434], [4, 23, 0.083209594], [4, 24, 0.067264625], [4, 25, 0.039761481], [4, 26, 0.017495895], [4, 27, 0.028211197], [4, 28, 0.074403698], [4, 29, 0.07462109], [4, 30, 0.045394421], [4, 31, 0.06419557099999999], [4, 32, 0.076221237], [4, 33, 0.121241418], [4, 34, 0.128352148], [4, 35, 0.14890568], [4, 36, 0.102725735], [4, 37, 0.053713486], [4, 38, 0.066727773], [4, 39, 0.078591855], [4, 40, 0.121150615], [4, 41, 0.055378329000000004], [4, 42, 0.060655272999999996], [4, 43, 0.062421053], [4, 44, 0.10903778300000001], [4, 45, 0.09429133199999999], [4, 46, 0.127443551], [4, 47, 0.09896127699999999], [4, 48, 0.056469285], [4, 49, 0.022242084], [4, 50, 0.015075688], [4, 51, 0.073171057], [4, 52, 0.073785952], [4, 53, 0.054751442000000004], [4, 54, 0.10367369900000001], [4, 55, 0.096769994], [4, 56, 0.08118805], [4, 57, 0.08089737799999999], [4, 58, 0.074080602], [4, 59, 0.049854605999999996], [4, 60, 0.106682779], [4, 61, 0.074946543], [4, 62, 0.09011304], [4, 63, 0.089091381], [4, 64, 0.04595458400000001], [4, 65, 0.082703937], [4, 66, 0.116217087], [4, 67, 0.10344153800000001], [4, 68, 0.058305082], [4, 69, 0.039257376000000004], [4, 70, 0.026085224], [4, 71, 0.096952397], [4, 72, 0.242660509], [4, 73, 0.157955912], [4, 74, 0.053763982], [4, 75, 0.074886853], [4, 76, 0.054228815], [4, 77, 0.069899709], [4, 78, 0.081276577], [4, 79, 0.07312423900000001], [4, 80, 0.06442316599999999], [4, 81, 0.065674858], [4, 82, 0.05314830000000001], [4, 83, 0.047099139000000005], [4, 84, 0.071052401], [4, 85, 0.140568545], [4, 86, 0.04526348], [4, 87, 0.089222593], [4, 88, 0.079876856], [4, 89, 0.05993186], [4, 90, 0.10195707], [4, 91, 0.088925362], [4, 92, 0.056511927999999996], [4, 93, 0.038378671], [4, 94, 0.023998055], [4, 95, 0.059064255], [4, 96, 0.029804307000000002], [4, 97, 0.01780476], [4, 98, 0.011422846], [4, 99, 0.028982057000000002], [4, 100, 0.001241409], [4, 101, 0.000442089], [4, 102, 0.09656569400000001], [4, 103, 0.04454817900000001], [4, 104, 0.035410767], [4, 105, 0.07820012400000001], [4, 106, 0.07099398900000001], [4, 107, 0.040252993], [4, 108, 0.0292062], [4, 109, 0.014908616000000001], [4, 110, 0.043200438], [4, 111, 0.040416672], [4, 112, 0.040358566], [4, 113, 0.039909148], [4, 114, 0.061082107000000004], [4, 115, 0.020280663], [5, 0, 0.054079863], [5, 1, 0.060383319000000005], [5, 2, 0.042175875999999994], [5, 3, 0.028933752000000004], [5, 4, 0.09454208900000001], [5, 6, 0.12365396599999999], [5, 7, 0.106093025], [5, 8, 0.061432846], [5, 9, -0.0025591439999999997], [5, 10, 0.03429414], [5, 11, 0.018330986], [5, 12, 0.04028857], [5, 13, 0.036984581], [5, 14, 0.020615056], [5, 15, 0.010744802], [5, 16, 0.011524178000000001], [5, 17, 0.029856512999999998], [5, 18, 0.028224588], [5, 19, 0.063262345], [5, 20, 0.025072582000000003], [5, 21, 0.032914759], [5, 22, 0.03141868], [5, 23, 0.045424292000000005], [5, 24, 0.045862474], [5, 25, 0.00252095], [5, 26, 0.020445558], [5, 27, 0.024349327999999996], [5, 28, 0.039235752], [5, 29, 0.041924977], [5, 30, -0.003144938], [5, 31, 0.013766335], [5, 32, 0.0061497340000000005], [5, 33, 0.043208774000000005], [5, 34, 0.020779033], [5, 35, 0.043909743], [5, 36, 0.045798075], [5, 37, 0.019107421], [5, 38, 0.036799384], [5, 39, 0.042288726], [5, 40, 0.051057762], [5, 41, 0.00376982], [5, 42, 0.025896018], [5, 43, 0.001865771], [5, 44, 0.051058335999999996], [5, 45, 0.011773168999999998], [5, 46, 0.050880699999999994], [5, 47, 0.044876337], [5, 48, 0.018083626000000002], [5, 49, 0.022867963999999998], [5, 50, 0.0027412029999999998], [5, 51, 0.033418969], [5, 52, 0.011213346], [5, 53, 0.032829063], [5, 54, 0.023754976], [5, 55, 0.033723325], [5, 56, 0.04290086], [5, 57, 0.05808409900000001], [5, 58, 0.015200581000000001], [5, 59, 0.011647237], [5, 60, 0.036510266], [5, 61, 0.025721972000000003], [5, 62, 0.034872638], [5, 63, 0.04744001900000001], [5, 64, 0.016723265], [5, 65, 0.042958635], [5, 66, 0.030378972999999997], [5, 67, 0.021893956000000003], [5, 68, 0.024203352999999997], [5, 69, 0.036075877], [5, 70, 0.036035208], [5, 71, 0.048779319], [5, 72, 0.072817938], [5, 73, 0.047089553], [5, 74, 0.035973841], [5, 75, 0.042347373], [5, 76, 0.039988076000000004], [5, 77, 0.027646003], [5, 78, 0.043151592], [5, 79, 0.044908628], [5, 80, 0.036316148], [5, 81, 0.018973621], [5, 82, 0.023600195], [5, 83, 0.005052764], [5, 84, 0.00497873], [5, 85, 0.065597301], [5, 86, 0.011600157], [5, 87, 0.015475276000000001], [5, 88, 0.028204383], [5, 89, 0.03797651], [5, 90, 0.038056559], [5, 91, 0.027048617], [5, 92, 0.02220395], [5, 93, 0.017932561], [5, 94, 0.015475128999999999], [5, 95, 0.018243301], [5, 96, 0.016839838], [5, 97, -0.0011379510000000001], [5, 98, 0.012553001000000001], [5, 99, 0.021640807], [5, 100, -0.005571858000000001], [5, 101, 0.007689695], [5, 102, 0.040321477], [5, 103, 0.021874834], [5, 104, 0.013019551], [5, 105, 0.033800409], [5, 106, 0.04169411], [5, 107, 0.023088941], [5, 108, 0.00744631], [5, 109, 0.034275954], [5, 110, 0.01619962], [5, 111, 0.00277272], [5, 112, 0.01890165], [5, 113, 0.035839189], [5, 114, 0.042709704], [5, 115, 0.020692176], [6, 0, 0.089240952], [6, 1, 0.089234132], [6, 2, 0.173925136], [6, 3, 0.08309731299999999], [6, 4, 0.104306157], [6, 5, 0.12365396599999999], [6, 7, 0.019599618], [6, 8, 0.13691775], [6, 9, 0.014229397], [6, 10, 0.0491809], [6, 11, 0.04286693], [6, 12, 0.051821560999999995], [6, 13, 0.050959255], [6, 14, 0.033602884], [6, 15, 0.006413141999999999], [6, 16, 0.034397849], [6, 17, 0.024118833], [6, 18, 0.05195286], [6, 19, 0.043149692999999996], [6, 20, 0.038158405], [6, 21, 0.038145488], [6, 22, 0.0646402], [6, 23, 0.06746305400000001], [6, 24, 0.06912995599999999], [6, 25, 0.086396975], [6, 26, 0.009304805], [6, 27, 3.3299999999999996e-05], [6, 28, 0.067280523], [6, 29, 0.080874061], [6, 30, 0.044110126], [6, 31, 0.04974491599999999], [6, 32, 0.045725807], [6, 33, 0.09543742], [6, 34, 0.077292962], [6, 35, 0.069799948], [6, 36, 0.075875735], [6, 37, 0.044281873], [6, 38, 0.061923734], [6, 39, 0.054422833], [6, 40, 0.05574820900000001], [6, 41, 0.041049902], [6, 42, 0.047210008], [6, 43, 0.039976841], [6, 44, 0.07100447], [6, 45, 0.052878064], [6, 46, 0.06578671700000001], [6, 47, 0.052134707999999995], [6, 48, 0.020328285], [6, 49, 0.047202575], [6, 50, 0.005503566], [6, 51, 0.042846068], [6, 52, 0.014104335], [6, 53, 0.050663357], [6, 54, 0.04158737], [6, 55, 0.023684708], [6, 56, 0.064822345], [6, 57, 0.05864184], [6, 58, 0.039844563], [6, 59, 0.011342696999999999], [6, 60, 0.02185328], [6, 61, 0.011581315], [6, 62, 0.035218877], [6, 63, 0.037788877], [6, 64, 0.021218779], [6, 65, 0.031623589], [6, 66, 0.067986983], [6, 67, 0.035816907], [6, 68, 0.022428777999999996], [6, 69, 0.059744549], [6, 70, 0.046959839], [6, 71, 0.059828133], [6, 72, 0.062908344], [6, 73, 0.048172207], [6, 74, 0.05622001099999999], [6, 75, 0.08681088199999999], [6, 76, 0.051922305], [6, 77, 0.052171032], [6, 78, 0.065091172], [6, 79, 0.06507979700000001], [6, 80, 0.063105022], [6, 81, 0.025309207], [6, 82, 0.018226918999999998], [6, 83, -0.007204058], [6, 84, -0.0031092059999999998], [6, 85, 0.087315371], [6, 86, 0.03271582], [6, 87, 0.047031656], [6, 88, 0.055134978], [6, 89, 0.045960931], [6, 90, 0.076572813], [6, 91, 0.050228922], [6, 92, 0.020742478], [6, 93, 0.02644658], [6, 94, 0.027186681], [6, 95, 0.027203622], [6, 96, 0.030261982000000003], [6, 97, 0.007264390999999999], [6, 98, 0.007049957], [6, 99, 0.025152952000000003], [6, 100, -0.016698578999999998], [6, 101, 0.008798821], [6, 102, 0.041244017], [6, 103, 0.0009793760000000001], [6, 104, 0.022394802000000002], [6, 105, 0.03504641], [6, 106, 0.082422421], [6, 107, 0.060483826], [6, 108, 0.042961162000000004], [6, 109, 0.046217035], [6, 110, 0.036545764], [6, 111, 0.042373423], [6, 112, 0.054269283], [6, 113, 0.069605282], [6, 114, 0.060888079000000005], [6, 115, 0.060495742000000005], [7, 0, 0.022623997000000003], [7, 1, 0.039462515], [7, 2, 0.01198945], [7, 3, 0.016125867], [7, 4, 0.030118616], [7, 5, 0.106093025], [7, 6, 0.019599618], [7, 8, 0.129529667], [7, 9, 0.014933001999999999], [7, 10, 0.006049331], [7, 11, 0.010037404], [7, 12, 0.021487855], [7, 13, 0.0124976], [7, 14, 0.031363534], [7, 15, 0.008818765], [7, 16, 0.00815114], [7, 17, 0.012887626999999999], [7, 18, 0.00652643], [7, 19, 0.147110823], [7, 20, 0.012858131], [7, 21, 0.0027813259999999998], [7, 22, 0.009240212], [7, 23, 0.02757008], [7, 24, 0.017012432], [7, 25, 0.009763906999999999], [7, 26, 0.015623874], [7, 27, 0.015440731000000001], [7, 28, 0.0072372090000000005], [7, 29, 0.01569109], [7, 30, 0.012089831], [7, 31, 0.019321856999999998], [7, 32, 0.011654418], [7, 33, 0.017269951999999998], [7, 34, 0.011755041], [7, 35, 0.018158971], [7, 36, 0.014272958], [7, 37, 0.006323466999999999], [7, 38, 0.026799009], [7, 39, 0.009456459], [7, 40, 0.018316475], [7, 41, 0.013625037], [7, 42, 0.023430317000000003], [7, 43, -0.003527582], [7, 44, 0.026344142999999997], [7, 45, -0.002603902], [7, 46, 0.035183267000000004], [7, 47, 0.020089119], [7, 48, 0.016161161], [7, 49, -0.006243635], [7, 50, -0.009145019], [7, 51, 0.011235726000000001], [7, 52, 0.018666801], [7, 53, 0.012958698000000001], [7, 54, 0.023491657000000003], [7, 55, 0.032249599999999996], [7, 56, 0.02633104], [7, 57, 0.011077773999999999], [7, 58, 0.01164924], [7, 59, 0.030891876000000002], [7, 60, 0.02946567], [7, 61, 0.042455975], [7, 62, 0.033596036], [7, 63, 0.030304561], [7, 64, -0.005029695], [7, 65, 0.025324102999999997], [7, 66, 0.010077691], [7, 67, 0.038966271000000004], [7, 68, 0.026664568], [7, 69, 0.019568046000000002], [7, 70, 0.018193357], [7, 71, 0.015888273], [7, 72, 0.028059961], [7, 73, 0.012907607], [7, 74, 0.003744885], [7, 75, 0.018596078000000002], [7, 76, 0.017307182], [7, 77, 0.010834935], [7, 78, 0.001795274], [7, 79, 0.014300746000000001], [7, 80, 0.019508686], [7, 81, 0.010878002], [7, 82, -0.0018301320000000002], [7, 83, 0.010127199], [7, 84, 0.01509114], [7, 85, 0.028115882000000002], [7, 86, 0.005768827], [7, 87, 0.014565092], [7, 88, 0.028882322999999998], [7, 89, 0.013917944], [7, 90, -3.66e-05], [7, 91, 0.015903753], [7, 92, 0.033523067999999996], [7, 93, 0.009508088], [7, 94, 0.01072199], [7, 95, 0.023087073], [7, 96, 0.015065941000000001], [7, 97, 0.01750007], [7, 98, 0.001630137], [7, 99, 0.021368291], [7, 100, -0.025431076], [7, 101, -0.000161991], [7, 102, 0.034512102], [7, 103, 0.017777468], [7, 104, 0.009414160999999999], [7, 105, 0.002895182], [7, 106, 0.014737446999999999], [7, 107, 0.019878806000000002], [7, 108, 0.014337182], [7, 109, 0.018643717], [7, 110, 0.014699371999999999], [7, 111, 0.014996251], [7, 112, 0.010903431000000002], [7, 113, 0.011125475], [7, 114, 0.004854543], [7, 115, 0.002062968], [8, 0, 0.067574936], [8, 1, 0.127321199], [8, 2, 0.10546555], [8, 3, 0.059375477], [8, 4, 0.062724052], [8, 5, 0.061432846], [8, 6, 0.13691775], [8, 7, 0.129529667], [8, 9, 0.030437078], [8, 10, 0.049542527999999995], [8, 11, 0.051548949000000004], [8, 12, 0.056901815], [8, 13, 0.055264905999999996], [8, 14, 0.021362324], [8, 15, 0.034655106], [8, 16, 0.083243531], [8, 17, 0.039740009], [8, 18, 0.033708944], [8, 19, 0.089887817], [8, 20, 0.04796713], [8, 21, 0.052768868], [8, 22, 0.073739393], [8, 23, 0.070302015], [8, 24, 0.09104123300000001], [8, 25, 0.16242606199999998], [8, 26, 0.032061945], [8, 27, 0.029982094], [8, 28, 0.057229841], [8, 29, 0.067058514], [8, 30, 0.028171561], [8, 31, 0.028113192000000002], [8, 32, 0.044302247], [8, 33, 0.08080356799999999], [8, 34, 0.07386630400000001], [8, 35, 0.10052175599999999], [8, 36, 0.064857415], [8, 37, 0.03757399], [8, 38, 0.051244001], [8, 39, 0.045627597], [8, 40, 0.052649627000000004], [8, 41, 0.049540219], [8, 42, 0.05109534], [8, 43, 0.048089374000000004], [8, 44, 0.065176545], [8, 45, 0.048925525], [8, 46, 0.08515424699999999], [8, 47, 0.073025041], [8, 48, 0.027050976], [8, 49, 0.012705808], [8, 50, 0.012279121], [8, 51, 0.034435239], [8, 52, 0.032882015], [8, 53, 0.03209244], [8, 54, 0.050039817], [8, 55, 0.054993565999999994], [8, 56, 0.068565198], [8, 57, 0.035732355], [8, 58, 0.035910622999999996], [8, 59, 0.038220517999999995], [8, 60, 0.04914277400000001], [8, 61, 0.029606486], [8, 62, 0.052099165], [8, 63, 0.04764126], [8, 64, 0.0303411], [8, 65, 0.06731387], [8, 66, 0.064196633], [8, 67, 0.045895770999999995], [8, 68, 0.023816979], [8, 69, 0.055882243], [8, 70, 0.014025181999999999], [8, 71, 0.059160544], [8, 72, 0.074126309], [8, 73, 0.052415689], [8, 74, 0.04956735], [8, 75, 0.056684224000000005], [8, 76, 0.033174191], [8, 77, 0.033821307], [8, 78, 0.060644101], [8, 79, 0.061508112000000004], [8, 80, 0.07238331], [8, 81, 0.029179372999999998], [8, 82, 0.020493163000000002], [8, 83, 0.016168733], [8, 84, 0.039447419], [8, 85, 0.112435588], [8, 86, 0.044769782], [8, 87, 0.049611682000000004], [8, 88, 0.066480081], [8, 89, 0.052496140999999996], [8, 90, 0.061172699000000004], [8, 91, 0.045386710999999996], [8, 92, 0.046651062], [8, 93, 0.024945618], [8, 94, 0.020598812], [8, 95, 0.04626873], [8, 96, 0.038237486], [8, 97, 0.006396283000000001], [8, 98, 0.01162528], [8, 99, 0.045209507999999995], [8, 100, 0.00342523], [8, 101, 0.01347381], [8, 102, 0.062917164], [8, 103, 0.038347036], [8, 104, 0.022527166], [8, 105, 0.046977052000000005], [8, 106, 0.071271289], [8, 107, 0.062673764], [8, 108, 0.036521312], [8, 109, 0.028402199], [8, 110, 0.033664075], [8, 111, 0.049029417], [8, 112, 0.045315837000000005], [8, 113, 0.062569649], [8, 114, 0.051981989000000006], [8, 115, 0.007258056999999999], [9, 0, 0.091191705], [9, 1, 0.044812033], [9, 2, 0.080924211], [9, 3, 0.036624317], [9, 4, 0.014489413], [9, 5, -0.0025591439999999997], [9, 6, 0.014229397], [9, 7, 0.014933001999999999], [9, 8, 0.030437078], [9, 10, 0.272350443], [9, 11, 0.17230838899999998], [9, 12, 0.12292021], [9, 13, 0.13849027], [9, 14, 0.063848945], [9, 15, 0.060516123], [9, 16, 0.064748328], [9, 17, 0.057858507], [9, 18, 0.060647647], [9, 19, 0.023531987999999997], [9, 20, 0.076028758], [9, 21, 0.14113797], [9, 22, 0.172936675], [9, 23, 0.141781763], [9, 24, 0.085374435], [9, 25, 0.03168951], [9, 26, 0.026065208], [9, 27, 0.038661816], [9, 28, 0.114857474], [9, 29, 0.12233602699999999], [9, 30, 0.134595014], [9, 31, 0.036438767999999996], [9, 32, 0.058388103], [9, 33, 0.083100589], [9, 34, 0.10158346300000001], [9, 35, -0.00956236], [9, 36, 0.08916123], [9, 37, 0.066768323], [9, 38, 0.14270770300000002], [9, 39, 0.182767811], [9, 40, 0.091247829], [9, 41, 0.111891894], [9, 42, 0.01349071], [9, 43, 0.150776983], [9, 44, 0.130630458], [9, 45, 0.24085513], [9, 46, 0.133943924], [9, 47, 0.06390465], [9, 48, 0.024049756000000002], [9, 49, 0.17830211399999998], [9, 50, 0.005281081], [9, 51, -0.021547295], [9, 52, 0.009926003000000001], [9, 53, 0.026518475], [9, 54, 0.039582299], [9, 55, 0.017375811], [9, 56, 0.011287526], [9, 57, -0.021888664], [9, 58, 0.026278015], [9, 59, -0.009324061], [9, 60, -0.008834398], [9, 61, -0.010959126000000001], [9, 62, -0.005344560999999999], [9, 63, 0.021180538], [9, 64, 0.048934785], [9, 65, 0.186961873], [9, 66, 0.037418325], [9, 67, 0.003202729], [9, 68, 0.006043346], [9, 69, 0.34815131899999996], [9, 70, 0.316219549], [9, 71, 0.188809595], [9, 72, 0.00954164], [9, 73, -0.011471786000000001], [9, 74, 0.328991455], [9, 75, 0.163172192], [9, 76, 0.18303442399999997], [9, 77, 0.056297455999999996], [9, 78, 0.141381536], [9, 79, 0.228077141], [9, 80, 0.241326953], [9, 81, 0.11396871300000001], [9, 82, 0.012332872], [9, 83, 0.017953699], [9, 84, -0.010824688999999998], [9, 85, 0.017812544], [9, 86, 0.12528156199999999], [9, 87, 0.034502749], [9, 88, 0.02515072], [9, 89, 0.062981293], [9, 90, 0.026436438], [9, 91, 0.028688051000000003], [9, 92, 0.001298691], [9, 93, 0.035529444], [9, 94, 0.07694186900000001], [9, 95, 0.228114194], [9, 96, 0.223870347], [9, 97, 0.02561689], [9, 98, 0.05873430000000001], [9, 99, 0.08499783], [9, 100, 0.006896642], [9, 101, 0.042981744], [9, 102, 0.064106487], [9, 103, -0.020876004], [9, 104, -0.009458171999999999], [9, 105, 0.080635912], [9, 106, 0.375681289], [9, 107, 0.48434142399999996], [9, 108, 0.46757566899999997], [9, 109, 0.401205104], [9, 110, 0.375606207], [9, 111, 0.318261003], [9, 112, 0.278072775], [9, 113, 0.44646475799999996], [9, 114, 0.255554643], [9, 115, 0.20532827899999997], [10, 0, 0.241507759], [10, 1, 0.055247412], [10, 2, 0.110582043], [10, 3, 0.047400622], [10, 4, 0.042148468], [10, 5, 0.03429414], [10, 6, 0.0491809], [10, 7, 0.006049331], [10, 8, 0.049542527999999995], [10, 9, 0.272350443], [10, 11, 0.289726414], [10, 12, 0.234693896], [10, 13, 0.271138542], [10, 14, 0.14640435], [10, 15, 0.063834343], [10, 16, 0.094287839], [10, 17, 0.12405727400000001], [10, 18, 0.160201676], [10, 19, 0.047819579], [10, 20, 0.148244498], [10, 21, 0.21558304], [10, 22, 0.27180899199999997], [10, 23, 0.307816989], [10, 24, 0.10143951699999999], [10, 25, 0.035435636], [10, 26, 0.03573252], [10, 27, 0.044120053], [10, 28, 0.24659674399999998], [10, 29, 0.246931558], [10, 30, 0.114643934], [10, 31, 0.07745371200000001], [10, 32, 0.09758776400000001], [10, 33, 0.07735345], [10, 34, 0.10569708300000001], [10, 35, -0.017861059], [10, 36, 0.258465916], [10, 37, 0.117048237], [10, 38, 0.25741021], [10, 39, 0.237407704], [10, 40, 0.211371597], [10, 41, 0.150250375], [10, 42, 0.038991667], [10, 43, 0.199941034], [10, 44, 0.19755632399999998], [10, 45, 0.265419627], [10, 46, 0.194093743], [10, 47, 0.095340114], [10, 48, 0.028627291000000003], [10, 49, 0.226149264], [10, 50, 0.017308128], [10, 51, 0.005201693], [10, 52, 0.018088777], [10, 53, 0.045067125], [10, 54, 0.08856079800000001], [10, 55, 0.041872884], [10, 56, 0.043990525], [10, 57, -0.008146162], [10, 58, 0.04892230400000001], [10, 59, 0.022447549], [10, 60, 0.0059824959999999995], [10, 61, -0.012492037], [10, 62, -0.001396482], [10, 63, 0.059166982], [10, 64, 0.06331698200000001], [10, 65, 0.156097287], [10, 66, 0.085164957], [10, 67, 0.046421091], [10, 68, 0.02714742], [10, 69, 0.398226951], [10, 70, 0.360868581], [10, 71, 0.30564688100000004], [10, 72, 0.032550508], [10, 73, 0.009942643000000001], [10, 74, 0.380622147], [10, 75, 0.371711313], [10, 76, 0.328631632], [10, 77, 0.154649981], [10, 78, 0.30167223600000004], [10, 79, 0.35086814200000005], [10, 80, 0.41113441799999995], [10, 81, 0.10766360900000001], [10, 82, 0.036629552999999995], [10, 83, 0.015675678000000002], [10, 84, 0.001461676], [10, 85, 0.037633463], [10, 86, 0.262582275], [10, 87, 0.096600724], [10, 88, 0.153455178], [10, 89, 0.143064905], [10, 90, 0.054695184], [10, 91, 0.08733808800000001], [10, 92, -0.003511616], [10, 93, 0.032956105], [10, 94, 0.076510078], [10, 95, 0.17749657800000002], [10, 96, 0.18380654899999999], [10, 97, 0.040299303], [10, 98, 0.075909002], [10, 99, 0.141019731], [10, 100, 0.036050726], [10, 101, 0.059852597], [10, 102, 0.10723009800000001], [10, 103, -0.038168447], [10, 104, -0.004652730999999999], [10, 105, 0.17733043], [10, 106, 0.505915722], [10, 107, 0.471055787], [10, 108, 0.352662459], [10, 109, 0.409913432], [10, 110, 0.303686334], [10, 111, 0.24217471699999998], [10, 112, 0.299205987], [10, 113, 0.54115919], [10, 114, 0.44004611], [10, 115, 0.280010115], [11, 0, 0.155088941], [11, 1, 0.060533866], [11, 2, 0.09424473400000001], [11, 3, 0.033286076], [11, 4, 0.033038485], [11, 5, 0.018330986], [11, 6, 0.04286693], [11, 7, 0.010037404], [11, 8, 0.051548949000000004], [11, 9, 0.17230838899999998], [11, 10, 0.289726414], [11, 12, 0.186193031], [11, 13, 0.20528315], [11, 14, 0.11424670099999999], [11, 15, 0.056333685], [11, 16, 0.08099601099999999], [11, 17, 0.08195553400000001], [11, 18, 0.11303748300000001], [11, 19, 0.033897101], [11, 20, 0.104042269], [11, 21, 0.15676667], [11, 22, 0.26008966899999997], [11, 23, 0.20684524699999998], [11, 24, 0.079535516], [11, 25, 0.049032070999999997], [11, 26, 0.026172338], [11, 27, 0.046058348], [11, 28, 0.172574583], [11, 29, 0.17441115399999998], [11, 30, 0.06503225], [11, 31, 0.080069042], [11, 32, 0.06760048], [11, 33, 0.06984620799999999], [11, 34, 0.07986425700000001], [11, 35, -0.014958233], [11, 36, 0.175735129], [11, 37, 0.081225027], [11, 38, 0.18091844899999998], [11, 39, 0.177013091], [11, 40, 0.144308358], [11, 41, 0.12137463], [11, 42, 0.035058577], [11, 43, 0.1494736], [11, 44, 0.17011824600000003], [11, 45, 0.187731068], [11, 46, 0.16374455599999999], [11, 47, 0.08255947400000001], [11, 48, 0.017074648], [11, 49, 0.12361864], [11, 50, 0.015701385], [11, 51, 0.021558626], [11, 52, 0.043452183], [11, 53, 0.057922095], [11, 54, 0.07964633], [11, 55, 0.061289174], [11, 56, 0.038514852], [11, 57, 0.024360079], [11, 58, 0.042379525999999994], [11, 59, 0.012810221], [11, 60, 0.024935746], [11, 61, 0.00236996], [11, 62, 0.010090184], [11, 63, 0.04306259900000001], [11, 64, 0.04900791400000001], [11, 65, 0.119482887], [11, 66, 0.073858374], [11, 67, 0.054628474], [11, 68, 0.033080837], [11, 69, 0.254915145], [11, 70, 0.217060755], [11, 71, 0.199956629], [11, 72, 0.028024265], [11, 73, -0.004604139], [11, 74, 0.24112903100000002], [11, 75, 0.231129955], [11, 76, 0.20328302899999998], [11, 77, 0.0878104], [11, 78, 0.184378955], [11, 79, 0.22287769899999998], [11, 80, 0.28984686], [11, 81, 0.10481458800000001], [11, 82, 0.014547669], [11, 83, -0.007202878], [11, 84, 0.008813394], [11, 85, 0.043174054], [11, 86, 0.180229532], [11, 87, 0.081771414], [11, 88, 0.109497419], [11, 89, 0.12397469400000001], [11, 90, 0.05368749], [11, 91, 0.082484134], [11, 92, -0.008327583000000001], [11, 93, 0.045488157], [11, 94, 0.06088454099999999], [11, 95, 0.10753551199999999], [11, 96, 0.119778779], [11, 97, 0.042774197], [11, 98, 0.05907789], [11, 99, 0.114627003], [11, 100, 0.027598576], [11, 101, 0.037128293], [11, 102, 0.10372679], [11, 103, -0.029479172999999997], [11, 104, 0.012183887], [11, 105, 0.130481918], [11, 106, 0.309473332], [11, 107, 0.291346372], [11, 108, 0.21662961], [11, 109, 0.245976169], [11, 110, 0.18382731], [11, 111, 0.134805295], [11, 112, 0.16985474600000003], [11, 113, 0.294527176], [11, 114, 0.269774332], [11, 115, 0.17029592100000002], [12, 0, 0.21829230800000002], [12, 1, 0.087696509], [12, 2, 0.135739165], [12, 3, 0.043385762], [12, 4, 0.067218395], [12, 5, 0.04028857], [12, 6, 0.051821560999999995], [12, 7, 0.021487855], [12, 8, 0.056901815], [12, 9, 0.12292021], [12, 10, 0.234693896], [12, 11, 0.186193031], [12, 13, 0.410092535], [12, 14, 0.238717617], [12, 15, 0.10937151], [12, 16, 0.19998269600000002], [12, 17, 0.20598673], [12, 18, 0.23059037300000002], [12, 19, 0.055537814000000005], [12, 20, 0.11089663699999999], [12, 21, 0.188903436], [12, 22, 0.350476286], [12, 23, 0.321006823], [12, 24, 0.13568945], [12, 25, 0.072533691], [12, 26, 0.054787120999999994], [12, 27, 0.06831860000000001], [12, 28, 0.262980533], [12, 29, 0.26194343600000003], [12, 30, 0.060299175], [12, 31, 0.11688465], [12, 32, 0.10489035], [12, 33, 0.07217187], [12, 34, 0.08693697199999999], [12, 35, -0.0066648340000000006], [12, 36, 0.362662135], [12, 37, 0.12161861300000001], [12, 38, 0.306386765], [12, 39, 0.255321947], [12, 40, 0.297099571], [12, 41, 0.128636619], [12, 42, 0.040238693], [12, 43, 0.20198907], [12, 44, 0.259309694], [12, 45, 0.21975215399999998], [12, 46, 0.29332088100000003], [12, 47, 0.158082568], [12, 48, 0.038620259], [12, 49, 0.138194174], [12, 50, 0.028829342999999997], [12, 51, 0.107294956], [12, 52, 0.058005715], [12, 53, 0.085152473], [12, 54, 0.163992631], [12, 55, 0.10807935800000001], [12, 56, 0.104457527], [12, 57, 0.057524293], [12, 58, 0.058446661], [12, 59, 0.043560079], [12, 60, 0.041140061], [12, 61, 0.020845298999999998], [12, 62, 0.045635997000000005], [12, 63, 0.09438918199999999], [12, 64, 0.074101315], [12, 65, 0.12628624300000002], [12, 66, 0.11411665800000001], [12, 67, 0.060976358], [12, 68, 0.070446546], [12, 69, 0.235946281], [12, 70, 0.214039053], [12, 71, 0.25943023800000004], [12, 72, 0.060637627], [12, 73, 0.020798347], [12, 74, 0.236453033], [12, 75, 0.332557247], [12, 76, 0.252700441], [12, 77, 0.149206822], [12, 78, 0.30788545300000003], [12, 79, 0.277609845], [12, 80, 0.272452255], [12, 81, 0.09555107300000001], [12, 82, 0.053504888], [12, 83, 0.03086459], [12, 84, 0.021066007], [12, 85, 0.052509157], [12, 86, 0.185796428], [12, 87, 0.16284381], [12, 88, 0.2152877], [12, 89, 0.20397659899999998], [12, 90, 0.086969689], [12, 91, 0.127385092], [12, 92, 0.035179887], [12, 93, 0.065705786], [12, 94, 0.064808164], [12, 95, 0.129308932], [12, 96, 0.100438365], [12, 97, 0.032478686], [12, 98, 0.060943925], [12, 99, 0.123583909], [12, 100, 0.024066507], [12, 101, 0.047045301], [12, 102, 0.15243929], [12, 103, -0.026782853], [12, 104, 0.021178409], [12, 105, 0.24073142399999997], [12, 106, 0.305510883], [12, 107, 0.229959573], [12, 108, 0.182672203], [12, 109, 0.19515157100000002], [12, 110, 0.16684721], [12, 111, 0.138188351], [12, 112, 0.18366948100000002], [12, 113, 0.265681616], [12, 114, 0.303777715], [12, 115, 0.162008515], [13, 0, 0.264836171], [13, 1, 0.103688369], [13, 2, 0.142800868], [13, 3, 0.055888607], [13, 4, 0.079687333], [13, 5, 0.036984581], [13, 6, 0.050959255], [13, 7, 0.0124976], [13, 8, 0.055264905999999996], [13, 9, 0.13849027], [13, 10, 0.271138542], [13, 11, 0.20528315], [13, 12, 0.410092535], [13, 14, 0.297939997], [13, 15, 0.09502675], [13, 16, 0.146711012], [13, 17, 0.19100920899999999], [13, 18, 0.248380882], [13, 19, 0.058751221], [13, 20, 0.130945209], [13, 21, 0.198458725], [13, 22, 0.278352613], [13, 23, 0.426823369], [13, 24, 0.12622065], [13, 25, 0.054153084000000004], [13, 26, 0.039989598], [13, 27, 0.062423835], [13, 28, 0.284636106], [13, 29, 0.30811202], [13, 30, 0.07220439099999999], [13, 31, 0.10842058199999999], [13, 32, 0.11830156800000001], [13, 33, 0.085311239], [13, 34, 0.11447102699999999], [13, 35, -0.0028629470000000002], [13, 36, 0.391673307], [13, 37, 0.12453704199999999], [13, 38, 0.309327829], [13, 39, 0.255033108], [13, 40, 0.311484081], [13, 41, 0.12769788199999998], [13, 42, 0.058045992000000005], [13, 43, 0.19595610100000002], [13, 44, 0.252038683], [13, 45, 0.222304814], [13, 46, 0.27148833899999997], [13, 47, 0.129096447], [13, 48, 0.056031652], [13, 49, 0.169223884], [13, 50, 0.020957842], [13, 51, 0.078280063], [13, 52, 0.048603797000000004], [13, 53, 0.082244428], [13, 54, 0.145341078], [13, 55, 0.10782874099999999], [13, 56, 0.09523292800000001], [13, 57, 0.037800887000000005], [13, 58, 0.062417901], [13, 59, 0.048008551], [13, 60, 0.036448792], [13, 61, 0.014841156999999999], [13, 62, 0.038944914], [13, 63, 0.081167586], [13, 64, 0.061015840999999994], [13, 65, 0.134866921], [13, 66, 0.100287196], [13, 67, 0.069568813], [13, 68, 0.067154798], [13, 69, 0.271560837], [13, 70, 0.22847288600000001], [13, 71, 0.259729505], [13, 72, 0.048470689000000004], [13, 73, 0.033545825], [13, 74, 0.235066892], [13, 75, 0.389558364], [13, 76, 0.290670325], [13, 77, 0.18340329600000002], [13, 78, 0.334696618], [13, 79, 0.28370396800000003], [13, 80, 0.327732035], [13, 81, 0.10387629699999999], [13, 82, 0.06002076], [13, 83, 0.021733073], [13, 84, 0.018133991999999998], [13, 85, 0.059522662999999996], [13, 86, 0.20183691], [13, 87, 0.155249971], [13, 88, 0.220223086], [13, 89, 0.21504398100000002], [13, 90, 0.06540082400000001], [13, 91, 0.128505424], [13, 92, 0.040137295], [13, 93, 0.051365202], [13, 94, 0.058307895], [13, 95, 0.131007293], [13, 96, 0.111240855], [13, 97, 0.036744245], [13, 98, 0.071118083], [13, 99, 0.105234391], [13, 100, 0.020801236], [13, 101, 0.046290168], [13, 102, 0.15639835400000002], [13, 103, -0.009071093], [13, 104, 0.022772235], [13, 105, 0.235158869], [13, 106, 0.327595628], [13, 107, 0.258364331], [13, 108, 0.204889608], [13, 109, 0.23060332], [13, 110, 0.182079525], [13, 111, 0.156604208], [13, 112, 0.20484244199999999], [13, 113, 0.299259767], [13, 114, 0.33888378799999996], [13, 115, 0.189427841], [14, 0, 0.200289303], [14, 1, 0.071006917], [14, 2, 0.106310816], [14, 3, 0.03874444], [14, 4, 0.045815792], [14, 5, 0.020615056], [14, 6, 0.033602884], [14, 7, 0.031363534], [14, 8, 0.021362324], [14, 9, 0.063848945], [14, 10, 0.14640435], [14, 11, 0.11424670099999999], [14, 12, 0.238717617], [14, 13, 0.297939997], [14, 15, 0.071771965], [14, 16, 0.127604956], [14, 17, 0.18935844100000002], [14, 18, 0.305586889], [14, 19, 0.02768526], [14, 20, 0.073840986], [14, 21, 0.111582777], [14, 22, 0